ACTUAL -5.54869e-06 2.16421e-06 -3.1912e-06 -2.3842e-11 3.90951e-06 -1.16511e-10
ACTUAL -5.54869e-06 2.16421e-06 -3.1912e-06 -2.3842e-11 3.90951e-06 -1.16511e-10
ACTUAL -5.54869e-06 2.16421e-06 -3.1912e-06 -2.3842e-11 3.90951e-06 -1.16511e-10
ACTUAL -5.54869e-06 2.16421e-06 -3.1912e-06 -2.3842e-11 3.90951e-06 -1.16511e-10
ACTUAL -5.54869e-06 2.16421e-06 -3.1912e-06 -2.3842e-11 3.90951e-06 -1.16511e-10
ACTUAL -5.54869e-06 2.16421e-06 -3.1912e-06 -2.3842e-11 3.90951e-06 -1.16511e-10
ACTUAL -5.54869e-06 2.16421e-06 -3.1912e-06 -2.3842e-11 3.90951e-06 -1.16511e-10
ACTUAL -5.54869e-06 2.16421e-06 -3.1912e-06 -2.3842e-11 3.90951e-06 -1.16511e-10
ACTUAL -5.54869e-06 2.16421e-06 -3.1912e-06 -2.3842e-11 3.90951e-06 -1.16511e-10
ACTUAL -5.54869e-06 2.16421e-06 -3.1912e-06 -2.3842e-11 3.90951e-06 -1.16511e-10
ACTUAL -5.54869e-06 2.16421e-06 -3.1912e-06 -2.3842e-11 3.90951e-06 -1.16511e-10
ACTUAL -5.54869e-06 2.16421e-06 -3.1912e-06 -2.3842e-11 3.90951e-06 -1.16511e-10
ACTUAL -5.54869e-06 2.16421e-06 -3.1912e-06 -2.3842e-11 3.90951e-06 -1.16511e-10
ACTUAL -5.54869e-06 2.16421e-06 -3.1912e-06 -2.3842e-11 3.90951e-06 -1.16511e-10
ACTUAL -5.54869e-06 2.16421e-06 -3.1912e-06 -2.3842e-11 3.90951e-06 -1.16511e-10
ACTUAL -5.54869e-06 2.16421e-06 -3.1912e-06 -2.3842e-11 3.90951e-06 -1.16511e-10
ACTUAL -5.54869e-06 2.16421e-06 -3.1912e-06 -2.3842e-11 3.90951e-06 -1.16511e-10
ACTUAL -5.54869e-06 2.16421e-06 -3.1912e-06 -2.3842e-11 3.90951e-06 -1.16511e-10
ACTUAL -5.54869e-06 2.16421e-06 -3.1912e-06 -2.3842e-11 3.90951e-06 -1.16511e-10
ACTUAL -5.54869e-06 2.16421e-06 -3.1912e-06 -2.3842e-11 3.90951e-06 -1.16511e-10
GOAL 3.14 0 0 0 0 0
ACTUAL -5.54869e-06 2.16421e-06 -3.1912e-06 -2.3842e-11 3.90951e-06 -1.16511e-10
ACTUAL -5.54869e-06 2.16421e-06 -3.1912e-06 -2.3842e-11 3.90951e-06 -1.16511e-10
ACTUAL -5.54869e-06 2.16421e-06 -3.1912e-06 -2.3842e-11 3.90951e-06 -1.16511e-10
ACTUAL -5.54869e-06 2.16421e-06 -3.1912e-06 -2.3842e-11 3.90951e-06 -1.16511e-10
ACTUAL -5.54869e-06 2.16421e-06 -3.1912e-06 -2.3842e-11 3.90951e-06 -1.16511e-10
ACTUAL -5.54869e-06 2.16421e-06 -3.1912e-06 -2.3842e-11 3.90951e-06 -1.16511e-10
ACTUAL -5.54869e-06 2.16421e-06 -3.1912e-06 -2.3842e-11 3.90951e-06 -1.16511e-10
ACTUAL -5.54869e-06 2.16421e-06 -3.1912e-06 -2.3842e-11 3.90951e-06 -1.16511e-10
ACTUAL -5.54869e-06 2.16421e-06 -3.1912e-06 -2.3842e-11 3.90951e-06 -1.16511e-10
ACTUAL -5.54869e-06 2.16421e-06 -3.1912e-06 -2.3842e-11 3.90951e-06 -1.16511e-10
ACTUAL -5.54869e-06 2.16421e-06 -3.1912e-06 -2.3842e-11 3.90951e-06 -1.16511e-10
ACTUAL 0.0011291 2.16421e-06 -3.1912e-06 -2.3842e-11 3.90951e-06 -1.16511e-10
ACTUAL 0.00636537 2.16421e-06 -3.1912e-06 -2.3842e-11 3.90951e-06 -1.16511e-10
ACTUAL 0.015965 2.16421e-06 -3.1912e-06 -2.3842e-11 3.90951e-06 -1.16511e-10
ACTUAL 0.0299279 2.16421e-06 -3.19121e-06 -2.3842e-11 3.90951e-06 -1.16511e-10
ACTUAL 0.0482541 2.16421e-06 -3.19121e-06 -2.3842e-11 3.90951e-06 -1.16511e-10
ACTUAL 0.069809 2.16421e-06 -3.19121e-06 -2.3842e-11 3.90951e-06 -1.16511e-10
ACTUAL 0.0916257 2.16421e-06 -3.19121e-06 -2.3842e-11 3.90951e-06 -1.16511e-10
ACTUAL 0.113442 2.16421e-06 -3.19121e-06 -2.3842e-11 3.90951e-06 -1.16511e-10
ACTUAL 0.135259 2.16421e-06 -3.19121e-06 -2.3842e-11 3.90951e-06 -1.16511e-10
ACTUAL 0.157076 2.16421e-06 -3.19121e-06 -2.3842e-11 3.90951e-06 -1.16511e-10
ACTUAL 0.178892 2.16421e-06 -3.19121e-06 -2.3842e-11 3.90951e-06 -1.16511e-10
ACTUAL 0.200709 2.16421e-06 -3.19121e-06 -2.3842e-11 3.90951e-06 -1.16511e-10
ACTUAL 0.222525 2.16421e-06 -3.19121e-06 -2.3842e-11 3.90951e-06 -1.16511e-10
ACTUAL 0.244342 2.16421e-06 -3.19121e-06 -2.3842e-11 3.90951e-06 -1.16511e-10
ACTUAL 0.266159 2.16421e-06 -3.19121e-06 -2.3842e-11 3.90951e-06 -1.16511e-10
ACTUAL 0.287975 2.16421e-06 -3.19121e-06 -2.3842e-11 3.90951e-06 -1.16511e-10
ACTUAL 0.309792 2.16421e-06 -3.19121e-06 -2.3842e-11 3.90951e-06 -1.16511e-10
ACTUAL 0.331609 2.16421e-06 -3.19121e-06 -2.3842e-11 3.90951e-06 -1.16511e-10
ACTUAL 0.353425 2.16421e-06 -3.19121e-06 -2.3842e-11 3.90951e-06 -1.16511e-10
ACTUAL 0.375242 2.16421e-06 -3.19121e-06 -2.3842e-11 3.90951e-06 -1.16511e-10
ACTUAL 0.397058 2.16421e-06 -3.19121e-06 -2.3842e-11 3.90951e-06 -1.16511e-10
ACTUAL 0.418875 2.16421e-06 -3.19121e-06 -2.3842e-11 3.90951e-06 -1.16511e-10
ACTUAL 0.440692 2.16421e-06 -3.19121e-06 -2.3842e-11 3.90951e-06 -1.16511e-10
ACTUAL 0.462508 2.16421e-06 -3.19121e-06 -2.3842e-11 3.90951e-06 -1.16511e-10
ACTUAL 0.484325 2.16421e-06 -3.19121e-06 -2.3842e-11 3.90951e-06 -1.16511e-10
GOAL 0.484325 2.16421e-06 -3.19121e-06 -2.3842e-11 0 -1.16511e-10
ACTUAL 0.506142 2.16421e-06 -3.19121e-06 -2.3842e-11 3.90951e-06 -1.16511e-10
ACTUAL 0.527958 2.16421e-06 -3.19121e-06 -2.3842e-11 3.90951e-06 -1.16511e-10
ACTUAL 0.549775 2.16421e-06 -3.19121e-06 -2.3842e-11 3.90951e-06 -1.16511e-10
ACTUAL 0.571591 2.16421e-06 -3.19121e-06 -2.3842e-11 3.90951e-06 -1.16511e-10
ACTUAL 0.593408 2.16421e-06 -3.19121e-06 -2.3842e-11 3.90951e-06 -1.16511e-10
ACTUAL 0.615225 2.16421e-06 -3.19121e-06 -2.3842e-11 3.90951e-06 -1.16511e-10
ACTUAL 0.637041 2.16421e-06 -3.19121e-06 -2.3842e-11 3.90951e-06 -1.16511e-10
ACTUAL 0.658858 2.16421e-06 -3.19121e-06 -2.3842e-11 3.90951e-06 -1.16511e-10
ACTUAL 0.680675 2.16421e-06 -3.19121e-06 -2.3842e-11 3.90951e-06 -1.16511e-10
GOAL -3.14 2.16421e-06 -3.19121e-06 -2.3842e-11 3.90951e-06 -1.16511e-10
ACTUAL 0.702491 2.16421e-06 -3.19121e-06 -2.3842e-11 3.90951e-06 -1.16511e-10
ACTUAL 0.724308 2.16421e-06 -3.19121e-06 -2.3842e-11 3.90951e-06 -1.16511e-10
ACTUAL 0.746124 2.16421e-06 -3.19121e-06 -2.3842e-11 3.90951e-06 -1.16511e-10
ACTUAL 0.767737 2.16421e-06 -3.19121e-06 -2.3842e-11 3.90951e-06 -1.16511e-10
ACTUAL 0.786063 2.16421e-06 -3.19121e-06 -2.3842e-11 3.90951e-06 -1.16511e-10
ACTUAL 0.800026 2.16421e-06 -3.19121e-06 -2.3842e-11 3.90951e-06 -1.16511e-10
ACTUAL 0.809625 2.16421e-06 -3.19121e-06 -2.3842e-11 3.90951e-06 -1.16511e-10
ACTUAL 0.814861 2.16421e-06 -3.19121e-06 -2.3842e-11 3.90951e-06 -1.16511e-10
ACTUAL 0.815938 2.16421e-06 -3.19121e-06 -2.3842e-11 3.90951e-06 -1.16511e-10
ACTUAL 0.815938 2.16421e-06 -3.19121e-06 -2.3842e-11 3.90951e-06 -1.16511e-10
ACTUAL 0.815938 2.16421e-06 -3.19121e-06 -2.3842e-11 3.90951e-06 -1.16511e-10
ACTUAL 0.815938 2.16421e-06 -3.19121e-06 -2.3842e-11 3.90951e-06 -1.16511e-10
ACTUAL 0.815938 2.16421e-06 -3.19121e-06 -2.3842e-11 3.90951e-06 -1.16511e-10
ACTUAL 0.815938 2.16421e-06 -3.19121e-06 -2.3842e-11 3.90951e-06 -1.16511e-10
ACTUAL 0.815938 2.16421e-06 -3.19121e-06 -2.3842e-11 3.90951e-06 -1.16511e-10
ACTUAL 0.815938 2.16421e-06 -3.19121e-06 -2.3842e-11 3.90951e-06 -1.16511e-10
ACTUAL 0.815938 2.16421e-06 -3.19121e-06 -2.3842e-11 3.90951e-06 -1.16511e-10
ACTUAL 0.815938 2.16421e-06 -3.19121e-06 -2.3842e-11 3.90951e-06 -1.16511e-10
ACTUAL 0.814803 2.16421e-06 -3.19121e-06 -2.3842e-11 3.90951e-06 -1.16511e-10
ACTUAL 0.809567 2.16421e-06 -3.19121e-06 -2.3842e-11 3.90951e-06 -1.16511e-10
ACTUAL 0.799967 2.16421e-06 -3.19121e-06 -2.3842e-11 3.90951e-06 -1.16511e-10
ACTUAL 0.786004 2.16421e-06 -3.19121e-06 -2.3842e-11 3.90951e-06 -1.16511e-10
ACTUAL 0.767678 2.16421e-06 -3.19121e-06 -2.3842e-11 3.90951e-06 -1.16511e-10
ACTUAL 0.746123 2.16421e-06 -3.19121e-06 -2.3842e-11 3.90951e-06 -1.16511e-10
ACTUAL 0.724306 2.16421e-06 -3.19121e-06 -2.3842e-11 3.90951e-06 -1.16511e-10
ACTUAL 0.70249 2.16421e-06 -3.19121e-06 -2.3842e-11 3.90951e-06 -1.16511e-10
ACTUAL 0.680673 2.16421e-06 -3.19121e-06 -2.3842e-11 3.90951e-06 -1.16511e-10
ACTUAL 0.658857 2.16421e-06 -3.19121e-06 -2.3842e-11 3.90951e-06 -1.16511e-10
ACTUAL 0.63704 2.16421e-06 -3.19121e-06 -2.3842e-11 3.90951e-06 -1.16511e-10
ACTUAL 0.615223 2.16421e-06 -3.19121e-06 -2.3842e-11 3.90951e-06 -1.16511e-10
ACTUAL 0.593407 2.16421e-06 -3.19121e-06 -2.3842e-11 3.90951e-06 -1.16511e-10
ACTUAL 0.57159 2.16421e-06 -3.19121e-06 -2.3842e-11 3.90951e-06 -1.16511e-10
ACTUAL 0.549773 2.16421e-06 -3.19121e-06 -2.3842e-11 3.90951e-06 -1.16511e-10
ACTUAL 0.527957 2.16421e-06 -3.19121e-06 -2.3842e-11 3.90951e-06 -1.16511e-10
ACTUAL 0.50614 2.16421e-06 -3.19121e-06 -2.3842e-11 3.90951e-06 -1.16511e-10
ACTUAL 0.484324 2.16421e-06 -3.19121e-06 -2.3842e-11 3.90951e-06 -1.16511e-10
ACTUAL 0.462507 2.16421e-06 -3.19121e-06 -2.3842e-11 3.90951e-06 -1.16511e-10
ACTUAL 0.44069 2.16421e-06 -3.19121e-06 -2.3842e-11 3.90951e-06 -1.16511e-10
ACTUAL 0.418874 2.16421e-06 -3.19121e-06 -2.3842e-11 3.90951e-06 -1.16511e-10
ACTUAL 0.397057 2.16421e-06 -3.19121e-06 -2.3842e-11 3.90951e-06 -1.16511e-10
ACTUAL 0.37524 2.16421e-06 -3.19121e-06 -2.3842e-11 3.90951e-06 -1.16511e-10
ACTUAL 0.353424 2.16421e-06 -3.19121e-06 -2.3842e-11 3.90951e-06 -1.16511e-10
ACTUAL 0.331607 2.16421e-06 -3.19121e-06 -2.3842e-11 3.90951e-06 -1.16511e-10
ACTUAL 0.309791 2.16421e-06 -3.19121e-06 -2.3842e-11 3.90951e-06 -1.16511e-10
ACTUAL 0.287974 2.16421e-06 -3.19121e-06 -2.3842e-11 3.90951e-06 -1.16511e-10
ACTUAL 0.266157 2.16421e-06 -3.19121e-06 -2.3842e-11 3.90951e-06 -1.16511e-10
GOAL 0.266157 2.16421e-06 -3.19121e-06 -2.3842e-11 3.90951e-06 -1.16511e-10
ACTUAL 0.244341 2.16421e-06 -3.19121e-06 -2.3842e-11 3.90951e-06 -1.16511e-10
ACTUAL 0.222524 2.16421e-06 -3.19121e-06 -2.3842e-11 3.90951e-06 -1.16511e-10
ACTUAL 0.200707 2.16421e-06 -3.19121e-06 -2.3842e-11 3.90951e-06 -1.16511e-10
ACTUAL 0.178891 2.16421e-06 -3.19121e-06 -2.3842e-11 3.90951e-06 -1.16511e-10
ACTUAL 0.157074 2.16421e-06 -3.19121e-06 -2.3842e-11 3.90951e-06 -1.16511e-10
ACTUAL 0.135258 2.16421e-06 -3.19121e-06 -2.3842e-11 3.90951e-06 -1.16511e-10
ACTUAL 0.113441 2.16421e-06 -3.19121e-06 -2.3842e-11 3.90951e-06 -1.16511e-10
ACTUAL 0.0916243 2.16421e-06 -3.19121e-06 -2.3842e-11 3.90951e-06 -1.16511e-10
ACTUAL 0.0698076 2.16421e-06 -3.19121e-06 -2.3842e-11 3.90951e-06 -1.16511e-10
ACTUAL 0.047991 2.16421e-06 -3.19121e-06 -2.3842e-11 3.90951e-06 -1.16511e-10
ACTUAL 0.0279488 2.16421e-06 -3.19121e-06 -2.3842e-11 3.90951e-06 -1.16511e-10
ACTUAL 0.0122409 2.16421e-06 -3.19121e-06 -2.3842e-11 3.90951e-06 -1.16511e-10
ACTUAL 0.000896205 2.16421e-06 -3.19121e-06 -2.3842e-11 3.90951e-06 -1.16511e-10
ACTUAL -0.00608512 2.16421e-06 -3.19121e-06 -2.3842e-11 3.90951e-06 -1.16511e-10
ACTUAL -0.00870311 2.16421e-06 -3.19121e-06 -2.3842e-11 3.90951e-06 -1.16511e-10
ACTUAL -0.0087322 2.16421e-06 -3.19121e-06 -2.3842e-11 3.90951e-06 -1.16511e-10
ACTUAL -0.0087322 2.16421e-06 -3.19121e-06 -2.3842e-11 3.90951e-06 -1.16511e-10
ACTUAL -0.0087322 2.16421e-06 -3.19121e-06 -2.3842e-11 3.90951e-06 -1.16511e-10
ACTUAL -0.0087322 2.16421e-06 -3.19121e-06 -2.3842e-11 3.90951e-06 -1.16511e-10
GOAL -0.0087322 2.16421e-06 -2.53 -2.3842e-11 3.90951e-06 -1.16511e-10
ACTUAL -0.0087322 2.16421e-06 -3.19121e-06 -2.3842e-11 3.90951e-06 -1.16511e-10
ACTUAL -0.0087322 2.16421e-06 -3.19121e-06 -2.3842e-11 3.90951e-06 -1.16511e-10
ACTUAL -0.0087322 2.16421e-06 -3.19121e-06 -2.3842e-11 3.90951e-06 -1.16511e-10
ACTUAL -0.0087322 2.16421e-06 -3.19121e-06 -2.3842e-11 3.90951e-06 -1.16511e-10
ACTUAL -0.0087322 2.16421e-06 -3.19121e-06 -2.3842e-11 3.90951e-06 -1.16511e-10
ACTUAL -0.0087322 2.16421e-06 -0.000373201 -2.3842e-11 3.90951e-06 -1.16511e-10
ACTUAL -0.0087322 2.16421e-06 -0.00477143 -2.3842e-11 3.90951e-06 -1.16511e-10
ACTUAL -0.0087322 2.16421e-06 -0.0144057 -2.3842e-11 3.90951e-06 -1.16511e-10
ACTUAL -0.0087322 2.16421e-06 -0.0292759 -2.3842e-11 3.90951e-06 -1.16511e-10
ACTUAL -0.0087322 2.16421e-06 -0.0493821 -2.3842e-11 3.90951e-06 -1.16511e-10
ACTUAL -0.0087322 2.16421e-06 -0.0743542 -2.3842e-11 3.90951e-06 -1.16511e-10
ACTUAL -0.0087322 2.16421e-06 -0.100534 -2.3842e-11 3.90951e-06 -1.16511e-10
ACTUAL -0.0087322 2.16421e-06 -0.126714 -2.3842e-11 3.90951e-06 -1.16511e-10
ACTUAL -0.0087322 2.16421e-06 -0.152894 -2.3842e-11 3.90951e-06 -1.16511e-10
ACTUAL -0.0087322 2.16421e-06 -0.179074 -2.3842e-11 3.90951e-06 -1.16511e-10
ACTUAL -0.0087322 2.16421e-06 -0.205254 -2.3842e-11 3.90951e-06 -1.16511e-10
ACTUAL -0.0087322 2.16421e-06 -0.231434 -2.3842e-11 3.90951e-06 -1.16511e-10
ACTUAL -0.0087322 2.16422e-06 -0.257614 -2.3842e-11 3.90951e-06 -1.16511e-10
ACTUAL -0.0087322 2.16422e-06 -0.283794 -2.3842e-11 3.90951e-06 -1.16511e-10
ACTUAL -0.0087322 2.16422e-06 -0.309974 -2.3842e-11 3.90951e-06 -1.16511e-10
ACTUAL -0.0087322 2.16422e-06 -0.336154 -2.3842e-11 3.90951e-06 -1.16511e-10
ACTUAL -0.0087322 2.16422e-06 -0.362334 -2.3842e-11 3.90951e-06 -1.16511e-10
ACTUAL -0.0087322 2.16422e-06 -0.388514 -2.3842e-11 3.90951e-06 -1.16511e-10
ACTUAL -0.0087322 2.16422e-06 -0.414694 -2.3842e-11 3.90951e-06 -1.16511e-10
ACTUAL -0.0087322 2.16422e-06 -0.440874 -2.3842e-11 3.90951e-06 -1.16511e-10
ACTUAL -0.0087322 2.16422e-06 -0.467054 -2.3842e-11 3.90951e-06 -1.16511e-10
ACTUAL -0.0087322 2.16422e-06 -0.493233 -2.3842e-11 3.90951e-06 -1.16511e-10
ACTUAL -0.0087322 2.16422e-06 -0.519413 -2.3842e-11 3.90951e-06 -1.16511e-10
ACTUAL -0.0087322 2.16422e-06 -0.545593 -2.3842e-11 3.90951e-06 -1.16511e-10
ACTUAL -0.0087322 2.16422e-06 -0.571773 -2.3842e-11 3.90951e-06 -1.16511e-10
ACTUAL -0.0087322 2.16422e-06 -0.597953 -2.3842e-11 3.90951e-06 -1.16511e-10
ACTUAL -0.0087322 2.16422e-06 -0.624133 -2.3842e-11 3.90951e-06 -1.16511e-10
ACTUAL -0.0087322 2.16422e-06 -0.650313 -2.3842e-11 3.90951e-06 -1.16511e-10
GOAL -0.0087322 2.16422e-06 -0.650313 -2.3842e-11 3.90951e-06 -1.16511e-10
ACTUAL -0.0087322 2.16422e-06 -0.676493 -2.3842e-11 3.90951e-06 -1.16511e-10
ACTUAL -0.0087322 2.16422e-06 -0.702673 -2.3842e-11 3.90951e-06 -1.16511e-10
ACTUAL -0.0087322 2.16422e-06 -0.728853 -2.3842e-11 3.90951e-06 -1.16511e-10
ACTUAL -0.0087322 2.16422e-06 -0.755033 -2.3842e-11 3.90951e-06 -1.16511e-10
ACTUAL -0.0087322 2.16422e-06 -0.781213 -2.3842e-11 3.90951e-06 -1.16511e-10
ACTUAL -0.0087322 2.16422e-06 -0.807393 -2.3842e-11 3.90951e-06 -1.16511e-10
ACTUAL -0.0087322 2.16422e-06 -0.833573 -2.3842e-11 3.90951e-06 -1.16511e-10
ACTUAL -0.0087322 2.16422e-06 -0.859753 -2.3842e-11 3.90951e-06 -1.16511e-10
ACTUAL -0.0087322 2.16422e-06 -0.885933 -2.3842e-11 3.90951e-06 -1.16511e-10
GOAL -0.0087322 2.16422e-06 2.53 -2.3842e-11 3.90951e-06 -1.16511e-10
ACTUAL -0.0087322 2.16422e-06 -0.912113 -2.3842e-11 3.90951e-06 -1.16511e-10
ACTUAL -0.0087322 2.16422e-06 -0.937629 -2.3842e-11 3.90951e-06 -1.16511e-10
ACTUAL -0.0087322 2.16422e-06 -0.958573 -2.3842e-11 3.90951e-06 -1.16511e-10
ACTUAL -0.0087322 2.16422e-06 -0.974281 -2.3842e-11 3.90951e-06 -1.16511e-10
ACTUAL -0.0087322 2.16422e-06 -0.984753 -2.3842e-11 3.90951e-06 -1.16511e-10
ACTUAL -0.0087322 2.16422e-06 -0.989989 -2.3842e-11 3.90951e-06 -1.16511e-10
ACTUAL -0.0087322 2.16422e-06 -0.990653 -2.3842e-11 3.90951e-06 -1.16511e-10
ACTUAL -0.0087322 2.16422e-06 -0.990653 -2.3842e-11 3.90951e-06 -1.16511e-10
ACTUAL -0.0087322 2.16422e-06 -0.990653 -2.3842e-11 3.90951e-06 -1.16511e-10
ACTUAL -0.0087322 2.16422e-06 -0.990653 -2.3842e-11 3.90951e-06 -1.16511e-10
ACTUAL -0.0087322 2.16422e-06 -0.990653 -2.3842e-11 3.90951e-06 -1.16511e-10
ACTUAL -0.0087322 2.16422e-06 -0.990653 -2.3842e-11 3.90951e-06 -1.16511e-10
ACTUAL -0.0087322 2.16422e-06 -0.990653 -2.3842e-11 3.90951e-06 -1.16511e-10
ACTUAL -0.0087322 2.16422e-06 -0.990653 -2.3842e-11 3.90951e-06 -1.16511e-10
ACTUAL -0.0087322 2.16422e-06 -0.990653 -2.3842e-11 3.90951e-06 -1.16511e-10
ACTUAL -0.0087322 2.16422e-06 -0.990639 -2.3842e-11 3.90951e-06 -1.16511e-10
ACTUAL -0.0087322 2.16422e-06 -0.988272 -2.3842e-11 3.90951e-06 -1.16511e-10
ACTUAL -0.0087322 2.16422e-06 -0.980732 -2.3842e-11 3.90951e-06 -1.16511e-10
ACTUAL -0.0087322 2.16422e-06 -0.967956 -2.3842e-11 3.90951e-06 -1.16511e-10
ACTUAL -0.0087322 2.16422e-06 -0.949944 -2.3842e-11 3.90951e-06 -1.16511e-10
ACTUAL -0.0087322 2.16422e-06 -0.926711 -2.3842e-11 3.90951e-06 -1.16511e-10
ACTUAL -0.0087322 2.16422e-06 -0.900593 -2.3842e-11 3.90951e-06 -1.16511e-10
ACTUAL -0.0087322 2.16422e-06 -0.874414 -2.3842e-11 3.90951e-06 -1.16511e-10
ACTUAL -0.0087322 2.16422e-06 -0.848234 -2.3842e-11 3.90951e-06 -1.16511e-10
ACTUAL -0.0087322 2.16422e-06 -0.822054 -2.3842e-11 3.90951e-06 -1.16511e-10
ACTUAL -0.0087322 2.16422e-06 -0.795874 -2.3842e-11 3.90951e-06 -1.16511e-10
ACTUAL -0.0087322 2.16422e-06 -0.769694 -2.3842e-11 3.90951e-06 -1.16511e-10
ACTUAL -0.0087322 2.16422e-06 -0.743514 -2.3842e-11 3.90951e-06 -1.16511e-10
ACTUAL -0.0087322 2.16422e-06 -0.717334 -2.3842e-11 3.90951e-06 -1.16511e-10
ACTUAL -0.0087322 2.16422e-06 -0.691154 -2.3842e-11 3.90951e-06 -1.16511e-10
ACTUAL -0.0087322 2.16422e-06 -0.664974 -2.3842e-11 3.90951e-06 -1.16511e-10
ACTUAL -0.0087322 2.16422e-06 -0.638794 -2.3842e-11 3.90951e-06 -1.16511e-10
ACTUAL -0.0087322 2.16422e-06 -0.612614 -2.3842e-11 3.90951e-06 -1.16511e-10
ACTUAL -0.0087322 2.16422e-06 -0.586434 -2.3842e-11 3.90951e-06 -1.16511e-10
ACTUAL -0.0087322 2.16422e-06 -0.560254 -2.3842e-11 3.90951e-06 -1.16511e-10
ACTUAL -0.0087322 2.16422e-06 -0.534074 -2.3842e-11 3.90951e-06 -1.16511e-10
ACTUAL -0.0087322 2.16422e-06 -0.507894 -2.3842e-11 3.90951e-06 -1.16511e-10
ACTUAL -0.0087322 2.16422e-06 -0.481714 -2.3842e-11 3.90951e-06 -1.16511e-10
ACTUAL -0.0087322 2.16422e-06 -0.455534 -2.3842e-11 3.90951e-06 -1.16511e-10
ACTUAL -0.0087322 2.16422e-06 -0.429354 -2.3842e-11 3.90951e-06 -1.16511e-10
ACTUAL -0.0087322 2.16422e-06 -0.403174 -2.3842e-11 3.90951e-06 -1.16511e-10
ACTUAL -0.0087322 2.16422e-06 -0.376994 -2.3842e-11 3.90951e-06 -1.16511e-10
ACTUAL -0.0087322 2.16422e-06 -0.350815 -2.3842e-11 3.90951e-06 -1.16511e-10
ACTUAL -0.0087322 2.16422e-06 -0.324635 -2.3842e-11 3.90951e-06 -1.16511e-10
ACTUAL -0.0087322 2.16422e-06 -0.298455 -2.3842e-11 3.90951e-06 -1.16511e-10
ACTUAL -0.0087322 2.16422e-06 -0.272275 -2.3842e-11 3.90951e-06 -1.16511e-10
ACTUAL -0.0087322 2.16422e-06 -0.246095 -2.3842e-11 3.90951e-06 -1.16511e-10
ACTUAL -0.0087322 2.16422e-06 -0.219915 -2.3842e-11 3.90951e-06 -1.16511e-10
ACTUAL -0.0087322 2.16422e-06 -0.193735 -2.3842e-11 3.90951e-06 -1.16511e-10
ACTUAL -0.0087322 2.16422e-06 -0.167555 -2.3842e-11 3.90951e-06 -1.16511e-10
ACTUAL -0.0087322 2.16422e-06 -0.141375 -2.3842e-11 3.90951e-06 -1.16511e-10
ACTUAL -0.0087322 2.16422e-06 -0.115195 -2.3842e-11 3.90951e-06 -1.16511e-10
ACTUAL -0.0087322 2.16422e-06 -0.089015 -2.3842e-11 3.90951e-06 -1.16511e-10
ACTUAL -0.0087322 2.16422e-06 -0.0628351 -2.3842e-11 3.90951e-06 -1.16511e-10
ACTUAL -0.0087322 2.16422e-06 -0.0366551 -2.3842e-11 3.90951e-06 -1.16511e-10
ACTUAL -0.0087322 2.16422e-06 -0.0104752 -2.3842e-11 3.90951e-06 -1.16511e-10
ACTUAL -0.0087322 2.16422e-06 0.0157048 -2.3842e-11 3.90951e-06 -1.16511e-10
ACTUAL -0.0087322 2.16422e-06 0.0418847 -2.3842e-11 3.90951e-06 -1.16511e-10
GOAL -0.0087322 2.16422e-06 0.0418847 -2.3842e-11 3.90951e-06 -1.16511e-10
ACTUAL -0.0087322 2.16422e-06 0.0680647 -2.3842e-11 3.90951e-06 -1.16511e-10
ACTUAL -0.0087322 2.16422e-06 0.0942446 -2.3842e-11 3.90951e-06 -1.16511e-10
ACTUAL -0.0087322 2.16422e-06 0.120425 -2.3842e-11 3.90951e-06 -1.16511e-10
ACTUAL -0.0087322 2.16422e-06 0.146605 -2.3842e-11 3.90951e-06 -1.16511e-10
ACTUAL -0.0087322 2.16422e-06 0.172784 -2.3842e-11 3.90951e-06 -1.16511e-10
ACTUAL -0.0087322 2.16422e-06 0.198964 -2.3842e-11 3.90951e-06 -1.16511e-10
ACTUAL -0.0087322 2.16422e-06 0.225144 -2.3842e-11 3.90951e-06 -1.16511e-10
ACTUAL -0.0087322 2.16422e-06 0.251324 -2.3842e-11 3.90951e-06 -1.16511e-10
ACTUAL -0.0087322 2.16422e-06 0.276213 -2.3842e-11 3.90951e-06 -1.16511e-10
ACTUAL -0.0087322 2.16422e-06 0.296109 -2.3842e-11 3.90951e-06 -1.16511e-10
ACTUAL -0.0087322 2.16422e-06 0.31077 -2.3842e-11 3.90951e-06 -1.16511e-10
ACTUAL -0.0087322 2.16422e-06 0.320195 -2.3842e-11 3.90951e-06 -1.16511e-10
ACTUAL -0.0087322 2.16422e-06 0.324384 -2.3842e-11 3.90951e-06 -1.16511e-10
ACTUAL -0.0087322 2.16422e-06 0.324628 -2.3842e-11 3.90951e-06 -1.16511e-10
ACTUAL -0.0087322 2.16422e-06 0.324628 -2.3842e-11 3.90951e-06 -1.16511e-10
ACTUAL -0.0087322 2.16422e-06 0.324628 -2.3842e-11 3.90951e-06 -1.16511e-10
ACTUAL -0.0087322 2.16422e-06 0.324628 -2.3842e-11 3.90951e-06 -1.16511e-10
ACTUAL -0.0087322 2.16422e-06 0.324628 -2.3842e-11 3.90951e-06 -1.16511e-10
ACTUAL -0.0087322 2.16422e-06 0.324628 -2.3842e-11 3.90951e-06 -1.16511e-10
ACTUAL -0.0087322 2.16422e-06 0.324628 -2.3842e-11 3.90951e-06 -1.16511e-10
ACTUAL -0.0087322 2.16422e-06 0.324628 -2.3842e-11 3.90951e-06 -1.16511e-10
ACTUAL -0.0087322 2.16422e-06 0.324628 -2.3842e-11 3.90951e-06 -1.16511e-10
ACTUAL -0.0087322 2.16422e-06 0.324628 -2.3842e-11 3.90951e-06 -1.16511e-10
ACTUAL -0.0087322 2.16422e-06 0.324628 -2.3842e-11 3.90951e-06 -1.16511e-10
ACTUAL -0.0087322 2.16422e-06 0.324628 -2.3842e-11 3.90951e-06 -1.16511e-10
GOAL -0.0087322 2.16422e-06 0.324628 4.71 3.90951e-06 -1.16511e-10
ACTUAL -0.0087322 2.16422e-06 0.324628 -2.3842e-11 3.90951e-06 -1.16511e-10
ACTUAL -0.0087322 2.16422e-06 0.324628 -2.3842e-11 3.90951e-06 -1.16511e-10
ACTUAL -0.0087322 2.16422e-06 0.324628 -2.3842e-11 3.90951e-06 -1.16511e-10
ACTUAL -0.0087322 2.16422e-06 0.324628 -2.3842e-11 3.90951e-06 -1.16511e-10
ACTUAL -0.0087322 2.16422e-06 0.324628 -2.3842e-11 3.90951e-06 -1.16511e-10
ACTUAL -0.0087322 2.16422e-06 0.324628 -2.3842e-11 3.90951e-06 -1.16511e-10
ACTUAL -0.0087322 2.16422e-06 0.324628 -2.3842e-11 3.90951e-06 -1.16511e-10
ACTUAL -0.0087322 2.16422e-06 0.324628 -2.3842e-11 3.90951e-06 -1.16511e-10
ACTUAL -0.0087322 2.16422e-06 0.324628 -2.3842e-11 3.90951e-06 -1.16511e-10
ACTUAL -0.0087322 2.16422e-06 0.324628 -2.3842e-11 3.90951e-06 -1.16511e-10
ACTUAL -0.0087322 2.16422e-06 0.324628 0.000694492 3.90951e-06 -1.16511e-10
ACTUAL -0.0087322 2.16422e-06 0.324628 0.00755908 3.90951e-06 -1.16511e-10
ACTUAL -0.0087322 2.16422e-06 0.324628 0.0219286 3.90951e-06 -1.16511e-10
ACTUAL -0.0087322 2.16422e-06 0.324628 0.043803 3.90951e-06 -1.16511e-10
ACTUAL -0.0087322 2.16422e-06 0.324628 0.0731824 3.90951e-06 -1.16511e-10
ACTUAL -0.0087322 2.16422e-06 0.324628 0.109372 3.90951e-06 -1.16511e-10
ACTUAL -0.0087322 2.16422e-06 0.324628 0.146897 3.90951e-06 -1.16511e-10
ACTUAL -0.0087322 2.16422e-06 0.324628 0.184421 3.90951e-06 -1.16511e-10
ACTUAL -0.0087322 2.16422e-06 0.324628 0.221946 3.90951e-06 -1.16511e-10
ACTUAL -0.0087322 2.16422e-06 0.324628 0.259471 3.90951e-06 -1.16511e-10
ACTUAL -0.0087322 2.16422e-06 0.324628 0.296995 3.90951e-06 -1.16511e-10
ACTUAL -0.0087322 2.16422e-06 0.324628 0.33452 3.90951e-06 -1.16511e-10
ACTUAL -0.0087322 2.16422e-06 0.324628 0.372044 3.90951e-06 -1.16511e-10
ACTUAL -0.0087322 2.16422e-06 0.324628 0.409569 3.90951e-06 -1.16511e-10
ACTUAL -0.0087322 2.16422e-06 0.324628 0.447094 3.90951e-06 -1.16511e-10
ACTUAL -0.0087322 2.16422e-06 0.324628 0.484618 3.90951e-06 -1.16511e-10
ACTUAL -0.0087322 2.16422e-06 0.324628 0.522143 3.90951e-06 -1.16511e-10
ACTUAL -0.0087322 2.16422e-06 0.324628 0.559667 3.90951e-06 -1.16511e-10
ACTUAL -0.0087322 2.16422e-06 0.324628 0.597192 3.90951e-06 -1.16511e-10
ACTUAL -0.0087322 2.16422e-06 0.324628 0.634717 3.90951e-06 -1.16511e-10
ACTUAL -0.0087322 2.16422e-06 0.324628 0.672241 3.90951e-06 -1.16511e-10
ACTUAL -0.0087322 2.16422e-06 0.324628 0.709766 3.90951e-06 -1.16511e-10
ACTUAL -0.0087322 2.16422e-06 0.324628 0.74729 3.90951e-06 -1.16511e-10
ACTUAL -0.0087322 2.16422e-06 0.324628 0.784815 3.90951e-06 -1.16511e-10
ACTUAL -0.0087322 2.16422e-06 0.324628 0.822339 3.90951e-06 -1.16511e-10
ACTUAL -0.0087322 2.16422e-06 0.324628 0.859864 3.90951e-06 -1.16511e-10
ACTUAL -0.0087322 2.16422e-06 0.324628 0.897389 3.90951e-06 -1.16511e-10
ACTUAL -0.0087322 2.16422e-06 0.324628 0.934913 3.90951e-06 -1.16511e-10
ACTUAL -0.0087322 2.16422e-06 0.324628 0.972438 3.90951e-06 -1.16511e-10
GOAL -0.0087322 2.16422e-06 0.324628 0.972438 3.90951e-06 -1.16511e-10
ACTUAL -0.0087322 2.16422e-06 0.324628 1.00996 3.90951e-06 -1.16511e-10
ACTUAL -0.0087322 2.16422e-06 0.324628 1.04749 3.90951e-06 -1.16511e-10
ACTUAL -0.0087322 2.16422e-06 0.324628 1.08501 3.90951e-06 -1.16511e-10
GOAL -0.0087322 2.16422e-06 0.324628 -4.71 3.90951e-06 -1.16511e-10
ACTUAL -0.0087322 2.16422e-06 0.324628 1.12254 3.90951e-06 -1.16511e-10
ACTUAL -0.0087322 2.16422e-06 0.324628 1.16006 3.90951e-06 -1.16511e-10
ACTUAL -0.0087322 2.16422e-06 0.324628 1.19759 3.90951e-06 -1.16511e-10
ACTUAL -0.0087322 2.16422e-06 0.324628 1.23511 3.90951e-06 -1.16511e-10
ACTUAL -0.0087322 2.16422e-06 0.324628 1.27263 3.90951e-06 -1.16511e-10
ACTUAL -0.0087322 2.16422e-06 0.324628 1.31016 3.90951e-06 -1.16511e-10
ACTUAL -0.0087322 2.16422e-06 0.324628 1.34673 3.90951e-06 -1.16511e-10
ACTUAL -0.0087322 2.16422e-06 0.324628 1.37675 3.90951e-06 -1.16511e-10
ACTUAL -0.0087322 2.16422e-06 0.324628 1.39927 3.90951e-06 -1.16511e-10
ACTUAL -0.0087322 2.16422e-06 0.324628 1.41428 3.90951e-06 -1.16511e-10
ACTUAL -0.0087322 2.16422e-06 0.324628 1.42178 3.90951e-06 -1.16511e-10
ACTUAL -0.0087322 2.16422e-06 0.324628 1.42273 3.90951e-06 -1.16511e-10
ACTUAL -0.0087322 2.16422e-06 0.324628 1.42273 3.90951e-06 -1.16511e-10
ACTUAL -0.0087322 2.16422e-06 0.324628 1.42273 3.90951e-06 -1.16511e-10
ACTUAL -0.0087322 2.16422e-06 0.324628 1.42273 3.90951e-06 -1.16511e-10
ACTUAL -0.0087322 2.16422e-06 0.324628 1.42273 3.90951e-06 -1.16511e-10
ACTUAL -0.0087322 2.16422e-06 0.324628 1.42273 3.90951e-06 -1.16511e-10
ACTUAL -0.0087322 2.16422e-06 0.324628 1.42273 3.90951e-06 -1.16511e-10
ACTUAL -0.0087322 2.16422e-06 0.324628 1.42273 3.90951e-06 -1.16511e-10
ACTUAL -0.0087322 2.16422e-06 0.324628 1.42273 3.90951e-06 -1.16511e-10
ACTUAL -0.0087322 2.16422e-06 0.324628 1.4227 3.90951e-06 -1.16511e-10
ACTUAL -0.0087322 2.16422e-06 0.324628 1.41882 3.90951e-06 -1.16511e-10
ACTUAL -0.0087322 2.16422e-06 0.324628 1.40745 3.90951e-06 -1.16511e-10
ACTUAL -0.0087322 2.16422e-06 0.324628 1.38858 3.90951e-06 -1.16511e-10
ACTUAL -0.0087322 2.16422e-06 0.324628 1.3622 3.90951e-06 -1.16511e-10
ACTUAL -0.0087322 2.16422e-06 0.324628 1.32835 3.90951e-06 -1.16511e-10
ACTUAL -0.0087322 2.16422e-06 0.324628 1.29085 3.90951e-06 -1.16511e-10
ACTUAL -0.0087322 2.16422e-06 0.324628 1.25332 3.90951e-06 -1.16511e-10
ACTUAL -0.0087322 2.16422e-06 0.324628 1.2158 3.90951e-06 -1.16511e-10
ACTUAL -0.0087322 2.16422e-06 0.324628 1.17827 3.90951e-06 -1.16511e-10
ACTUAL -0.0087322 2.16422e-06 0.324628 1.14075 3.90951e-06 -1.16511e-10
ACTUAL -0.0087322 2.16422e-06 0.324628 1.10322 3.90951e-06 -1.16511e-10
ACTUAL -0.0087322 2.16422e-06 0.324628 1.0657 3.90951e-06 -1.16511e-10
ACTUAL -0.0087322 2.16422e-06 0.324628 1.02817 3.90951e-06 -1.16511e-10
ACTUAL -0.0087322 2.16422e-06 0.324628 0.990649 3.90951e-06 -1.16511e-10
ACTUAL -0.0087322 2.16422e-06 0.324628 0.953125 3.90951e-06 -1.16511e-10
ACTUAL -0.0087322 2.16422e-06 0.324628 0.9156 3.90951e-06 -1.16511e-10
ACTUAL -0.0087322 2.16422e-06 0.324628 0.878076 3.90951e-06 -1.16511e-10
ACTUAL -0.0087322 2.16422e-06 0.324628 0.840551 3.90951e-06 -1.16511e-10
ACTUAL -0.0087322 2.16422e-06 0.324628 0.803026 3.90951e-06 -1.16511e-10
ACTUAL -0.0087322 2.16422e-06 0.324628 0.765502 3.90951e-06 -1.16511e-10
ACTUAL -0.0087322 2.16422e-06 0.324628 0.727977 3.90951e-06 -1.16511e-10
ACTUAL -0.0087322 2.16422e-06 0.324628 0.690453 3.90951e-06 -1.16511e-10
ACTUAL -0.0087322 2.16422e-06 0.324628 0.652928 3.90951e-06 -1.16511e-10
ACTUAL -0.0087322 2.16422e-06 0.324628 0.615403 3.90951e-06 -1.16511e-10
ACTUAL -0.0087322 2.16422e-06 0.324628 0.577879 3.90951e-06 -1.16511e-10
ACTUAL -0.0087322 2.16422e-06 0.324628 0.540354 3.90951e-06 -1.16511e-10
ACTUAL -0.0087322 2.16422e-06 0.324628 0.50283 3.90951e-06 -1.16511e-10
ACTUAL -0.0087322 2.16422e-06 0.324628 0.465305 3.90951e-06 -1.16511e-10
ACTUAL -0.0087322 2.16422e-06 0.324628 0.42778 3.90951e-06 -1.16511e-10
ACTUAL -0.0087322 2.16422e-06 0.324628 0.390256 3.90951e-06 -1.16511e-10
ACTUAL -0.0087322 2.16422e-06 0.324628 0.352731 3.90951e-06 -1.16511e-10
ACTUAL -0.0087322 2.16422e-06 0.324628 0.315207 3.90951e-06 -1.16511e-10
ACTUAL -0.0087322 2.16422e-06 0.324628 0.277682 3.90951e-06 -1.16511e-10
GOAL -0.0087322 2.16422e-06 0.324628 0.277682 3.90951e-06 -1.16511e-10
ACTUAL -0.0087322 2.16422e-06 0.324628 0.240157 3.90951e-06 -1.16511e-10
ACTUAL -0.0087322 2.16422e-06 0.324628 0.202633 3.90951e-06 -1.16511e-10
ACTUAL -0.0087322 2.16422e-06 0.324628 0.165108 3.90951e-06 -1.16511e-10
ACTUAL -0.0087322 2.16422e-06 0.324628 0.127584 3.90951e-06 -1.16511e-10
ACTUAL -0.0087322 2.16422e-06 0.324628 0.0901091 3.90951e-06 -1.16511e-10
ACTUAL -0.0087322 2.16422e-06 0.324628 0.0570874 3.90951e-06 -1.16511e-10
ACTUAL -0.0087322 2.16422e-06 0.324628 0.0315707 3.90951e-06 -1.16511e-10
ACTUAL -0.0087322 2.16422e-06 0.324628 0.0135589 3.90951e-06 -1.16511e-10
ACTUAL -0.0087322 2.16422e-06 0.324628 0.003052 3.90951e-06 -1.16511e-10
ACTUAL -0.0087322 2.16422e-06 0.324628 -2.38392e-11 3.90951e-06 -1.16511e-10
ACTUAL -0.0087322 2.16422e-06 0.324628 -2.38392e-11 3.90951e-06 -1.16511e-10
ACTUAL -0.0087322 2.16422e-06 0.324628 -2.38392e-11 3.90951e-06 -1.16511e-10
ACTUAL -0.0087322 2.16422e-06 0.324628 -2.38392e-11 3.90951e-06 -1.16511e-10
ACTUAL -0.0087322 2.16422e-06 0.324628 -2.38392e-11 3.90951e-06 -1.16511e-10
ACTUAL -0.0087322 2.16422e-06 0.324628 -2.38392e-11 3.90951e-06 -1.16511e-10
ACTUAL -0.0087322 2.16422e-06 0.324628 -2.38392e-11 3.90951e-06 -1.16511e-10
ACTUAL -0.0087322 2.16422e-06 0.324628 -2.38392e-11 3.90951e-06 -1.16511e-10
ACTUAL -0.0087322 2.16422e-06 0.324628 -2.38392e-11 3.90951e-06 -1.16511e-10
ACTUAL -0.0087322 2.16422e-06 0.324628 -2.38392e-11 3.90951e-06 -1.16511e-10
ACTUAL -0.0087322 2.16422e-06 0.324628 -2.38392e-11 3.90951e-06 -1.16511e-10
ACTUAL -0.0087322 2.16422e-06 0.324628 -2.38392e-11 3.90951e-06 -1.16511e-10
ACTUAL -0.0087322 2.16422e-06 0.324628 -2.38392e-11 3.90951e-06 -1.16511e-10
ACTUAL -0.0087322 2.16422e-06 0.324628 -2.38392e-11 3.90951e-06 -1.16511e-10
ACTUAL -0.0087322 2.16422e-06 0.324628 -2.38392e-11 3.90951e-06 -1.16511e-10
ACTUAL -0.0087322 2.16422e-06 0.324628 -2.38392e-11 3.90951e-06 -1.16511e-10
ACTUAL -0.0087322 2.16422e-06 0.324628 -2.38392e-11 3.90951e-06 -1.16511e-10
ACTUAL -0.0087322 2.16422e-06 0.324628 -2.38392e-11 3.90951e-06 -1.16511e-10
ACTUAL -0.0087322 2.16422e-06 0.324628 -2.38392e-11 3.90951e-06 -1.16511e-10
ACTUAL -0.0087322 2.16422e-06 0.324628 -2.38392e-11 3.90951e-06 -1.16511e-10
ACTUAL -0.0087322 2.16422e-06 0.324628 -2.38392e-11 3.90951e-06 -1.16511e-10
ACTUAL -0.0087322 2.16422e-06 0.324628 -2.38392e-11 3.90951e-06 -1.16511e-10
ACTUAL -0.0087322 2.16422e-06 0.324628 -2.38392e-11 3.90951e-06 -1.16511e-10
GOAL -0.0087322 2.16422e-06 0.324628 -2.38392e-11 2.44 -1.16511e-10
ACTUAL -0.0087322 2.16422e-06 0.324628 -2.38392e-11 3.90951e-06 -1.16511e-10
ACTUAL -0.0087322 2.16422e-06 0.324628 -2.38392e-11 3.90951e-06 -1.16511e-10
ACTUAL -0.0087322 2.16422e-06 0.324628 -2.38392e-11 3.90951e-06 -1.16511e-10
ACTUAL -0.0087322 2.16422e-06 0.324628 -2.38392e-11 3.90951e-06 -1.16511e-10
ACTUAL -0.0087322 2.16422e-06 0.324628 -2.38392e-11 3.90951e-06 -1.16511e-10
ACTUAL -0.0087322 2.16422e-06 0.324628 -2.38392e-11 3.90951e-06 -1.16511e-10
ACTUAL -0.0087322 2.16422e-06 0.324628 -2.38392e-11 3.90951e-06 -1.16511e-10
ACTUAL -0.0087322 2.16422e-06 0.324628 -2.38392e-11 3.90951e-06 -1.16511e-10
ACTUAL -0.0087322 2.16422e-06 0.324628 -2.38392e-11 3.90951e-06 -1.16511e-10
ACTUAL -0.0087322 2.16422e-06 0.324628 -2.38392e-11 3.90951e-06 -1.16511e-10
ACTUAL -0.0087322 2.16422e-06 0.324628 -2.38392e-11 3.90951e-06 -1.16511e-10
ACTUAL -0.0087322 2.16422e-06 0.324628 -2.38392e-11 3.90951e-06 -1.16511e-10
ACTUAL -0.0087322 2.16422e-06 0.324628 -2.38392e-11 1.60663e-05 -1.16511e-10
ACTUAL -0.0087322 2.16422e-06 0.324628 -2.38392e-11 0.00238237 -1.16511e-10
ACTUAL -0.0087322 2.16422e-06 0.324628 -2.38392e-11 0.0106793 -1.16511e-10
ACTUAL -0.0087322 2.16422e-06 0.324628 -2.38392e-11 0.0250848 -1.16511e-10
ACTUAL -0.0087322 2.16422e-06 0.324628 -2.38392e-11 0.045599 -1.16511e-10
ACTUAL -0.0087322 2.16422e-06 0.324628 -2.38392e-11 0.0722097 -1.16511e-10
ACTUAL -0.0087322 2.16422e-06 0.324628 -2.38392e-11 0.102575 -1.16511e-10
ACTUAL -0.0087322 2.16422e-06 0.324628 -2.38392e-11 0.133118 -1.16511e-10
ACTUAL -0.0087322 2.16422e-06 0.324628 -2.38392e-11 0.163661 -1.16511e-10
ACTUAL -0.0087322 2.16422e-06 0.324628 -2.38392e-11 0.194205 -1.16511e-10
ACTUAL -0.0087322 2.16422e-06 0.324628 -2.38392e-11 0.224748 -1.16511e-10
ACTUAL -0.0087322 2.16422e-06 0.324628 -2.38392e-11 0.255291 -1.16511e-10
ACTUAL -0.0087322 2.16422e-06 0.324628 -2.38392e-11 0.285835 -1.16511e-10
ACTUAL -0.0087322 2.16422e-06 0.324628 -2.38392e-11 0.316378 -1.16511e-10
ACTUAL -0.0087322 2.16422e-06 0.324628 -2.38392e-11 0.346921 -1.16511e-10
ACTUAL -0.0087322 2.16422e-06 0.324628 -2.38392e-11 0.377464 -1.16511e-10
ACTUAL -0.0087322 2.16422e-06 0.324628 -2.38392e-11 0.408008 -1.16511e-10
ACTUAL -0.0087322 2.16422e-06 0.324628 -2.38392e-11 0.438551 -1.16511e-10
ACTUAL -0.0087322 2.16422e-06 0.324628 -2.38392e-11 0.469094 -1.16511e-10
ACTUAL -0.0087322 2.16422e-06 0.324628 -2.38392e-11 0.499637 -1.16511e-10
ACTUAL -0.0087322 2.16422e-06 0.324628 -2.38392e-11 0.530181 -1.16511e-10
ACTUAL -0.0087322 2.16422e-06 0.324628 -2.38392e-11 0.560724 -1.16511e-10
ACTUAL -0.0087322 2.16422e-06 0.324628 -2.38392e-11 0.591267 -1.16511e-10
ACTUAL -0.0087322 2.16422e-06 0.324628 -2.38392e-11 0.621811 -1.16511e-10
ACTUAL -0.0087322 2.16422e-06 0.324628 -2.38392e-11 0.652354 -1.16511e-10
ACTUAL -0.0087322 2.16422e-06 0.324628 -2.38392e-11 0.682897 -1.16511e-10
ACTUAL -0.0087322 2.16422e-06 0.324628 -2.38392e-11 0.71344 -1.16511e-10
ACTUAL -0.0087322 2.16422e-06 0.324628 -2.38392e-11 0.743984 -1.16511e-10
ACTUAL -0.0087322 2.16422e-06 0.324628 -2.38392e-11 0.774527 -1.16511e-10
ACTUAL -0.0087322 2.16422e-06 0.324628 -2.38392e-11 0.80507 -1.16511e-10
ACTUAL -0.0087322 2.16422e-06 0.324628 -2.38392e-11 0.835613 -1.16511e-10
ACTUAL -0.00873221 2.16422e-06 0.324628 -2.38392e-11 0.866157 -1.16511e-10
ACTUAL -0.00873221 2.16422e-06 0.324628 -2.38392e-11 0.8967 -1.16511e-10
ACTUAL -0.00873221 2.16422e-06 0.324628 -2.38392e-11 0.927243 -1.16511e-10
ACTUAL -0.00873221 2.16422e-06 0.324628 -2.38392e-11 0.957787 -1.16511e-10
ACTUAL -0.00873221 2.16422e-06 0.324628 -2.38392e-11 0.98833 -1.16511e-10
GOAL -0.00873221 2.16422e-06 0.324628 -2.38392e-11 0.98833 -1.16511e-10
ACTUAL -0.00873221 2.16422e-06 0.324628 -2.38392e-11 1.01887 -1.16511e-10
ACTUAL -0.00873221 2.16422e-06 0.324628 -2.38392e-11 1.04942 -1.16511e-10
ACTUAL -0.00873221 2.16422e-06 0.324628 -2.38392e-11 1.07992 -1.16511e-10
ACTUAL -0.00873221 2.16422e-06 0.324628 -2.38392e-11 1.1068 -1.16511e-10
ACTUAL -0.00873221 2.16422e-06 0.324628 -2.38392e-11 1.12757 -1.16511e-10
GOAL -0.00873221 2.16422e-06 0.324628 -2.38392e-11 -2.01 -1.16511e-10
ACTUAL -0.00873221 2.16422e-06 0.324628 -2.38392e-11 1.14223 -1.16511e-10
ACTUAL -0.00873221 2.16422e-06 0.324628 -2.38392e-11 1.15078 -1.16511e-10
ACTUAL -0.00873221 2.16422e-06 0.324628 -2.38392e-11 1.15326 -1.16511e-10
ACTUAL -0.00873221 2.16422e-06 0.324628 -2.38392e-11 1.15326 -1.16511e-10
ACTUAL -0.00873221 2.16422e-06 0.324628 -2.38392e-11 1.15326 -1.16511e-10
ACTUAL -0.00873221 2.16422e-06 0.324628 -2.38392e-11 1.15326 -1.16511e-10
ACTUAL -0.00873221 2.16422e-06 0.324628 -2.38392e-11 1.15326 -1.16511e-10
ACTUAL -0.00873221 2.16422e-06 0.324628 -2.38392e-11 1.15326 -1.16511e-10
ACTUAL -0.00873221 2.16422e-06 0.324628 -2.38392e-11 1.15326 -1.16511e-10
ACTUAL -0.00873221 2.16422e-06 0.324628 -2.38392e-11 1.15326 -1.16511e-10
ACTUAL -0.00873221 2.16422e-06 0.324628 -2.38392e-11 1.15326 -1.16511e-10
ACTUAL -0.00873221 2.16422e-06 0.324628 -2.38392e-11 1.15326 -1.16511e-10
ACTUAL -0.00873221 2.16422e-06 0.324628 -2.38392e-11 1.15249 -1.16511e-10
ACTUAL -0.00873221 2.16422e-06 0.324628 -2.38392e-11 1.14664 -1.16511e-10
ACTUAL -0.00873221 2.16422e-06 0.324628 -2.38392e-11 1.13468 -1.16511e-10
ACTUAL -0.00873221 2.16422e-06 0.324628 -2.38392e-11 1.11661 -1.16511e-10
ACTUAL -0.00873221 2.16422e-06 0.324628 -2.38392e-11 1.09243 -1.16511e-10
ACTUAL -0.00873221 2.16422e-06 0.324628 -2.38392e-11 1.06291 -1.16511e-10
ACTUAL -0.00873221 2.16422e-06 0.324628 -2.38392e-11 1.03237 -1.16511e-10
ACTUAL -0.00873221 2.16422e-06 0.324628 -2.38392e-11 1.00182 -1.16511e-10
ACTUAL -0.00873221 2.16422e-06 0.324628 -2.38392e-11 0.97128 -1.16511e-10
ACTUAL -0.00873221 2.16422e-06 0.324628 -2.38392e-11 0.940737 -1.16511e-10
ACTUAL -0.00873221 2.16422e-06 0.324628 -2.38392e-11 0.910194 -1.16511e-10
ACTUAL -0.00873221 2.16422e-06 0.324628 -2.38392e-11 0.87965 -1.16511e-10
ACTUAL -0.00873221 2.16422e-06 0.324628 -2.38392e-11 0.849107 -1.16511e-10
ACTUAL -0.00873221 2.16422e-06 0.324628 -2.38392e-11 0.818564 -1.16511e-10
ACTUAL -0.00873221 2.16422e-06 0.324628 -2.38392e-11 0.78802 -1.16511e-10
ACTUAL -0.00873221 2.16422e-06 0.324628 -2.38392e-11 0.757477 -1.16511e-10
ACTUAL -0.00873221 2.16422e-06 0.324628 -2.38392e-11 0.726934 -1.16511e-10
ACTUAL -0.00873221 2.16422e-06 0.324628 -2.38392e-11 0.696391 -1.16511e-10
ACTUAL -0.00873221 2.16422e-06 0.324628 -2.38392e-11 0.665847 -1.16511e-10
ACTUAL -0.00873221 2.16422e-06 0.324628 -2.38392e-11 0.635304 -1.16511e-10
ACTUAL -0.00873221 2.16422e-06 0.324628 -2.38392e-11 0.604761 -1.16511e-10
ACTUAL -0.00873221 2.16422e-06 0.324628 -2.38392e-11 0.574217 -1.16511e-10
ACTUAL -0.00873221 2.16422e-06 0.324628 -2.38392e-11 0.543674 -1.16511e-10
ACTUAL -0.00873221 2.16422e-06 0.324628 -2.38392e-11 0.513131 -1.16511e-10
ACTUAL -0.00873221 2.16422e-06 0.324628 -2.38392e-11 0.482588 -1.16511e-10
ACTUAL -0.00873221 2.16422e-06 0.324628 -2.38392e-11 0.452044 -1.16511e-10
ACTUAL -0.00873221 2.16422e-06 0.324628 -2.38392e-11 0.421501 -1.16511e-10
ACTUAL -0.00873221 2.16422e-06 0.324628 -2.38392e-11 0.390958 -1.16511e-10
ACTUAL -0.00873221 2.16422e-06 0.324628 -2.38392e-11 0.360415 -1.16511e-10
ACTUAL -0.00873221 2.16422e-06 0.324628 -2.38392e-11 0.329871 -1.16511e-10
ACTUAL -0.00873221 2.16422e-06 0.324628 -2.38392e-11 0.299328 -1.16511e-10
ACTUAL -0.00873221 2.16422e-06 0.324628 -2.38392e-11 0.268785 -1.16511e-10
ACTUAL -0.00873221 2.16422e-06 0.324628 -2.38392e-11 0.238241 -1.16511e-10
ACTUAL -0.00873221 2.16422e-06 0.324628 -2.38392e-11 0.207698 -1.16511e-10
ACTUAL -0.00873221 2.16422e-06 0.324628 -2.38392e-11 0.177155 -1.16511e-10
ACTUAL -0.00873221 2.16422e-06 0.324628 -2.38392e-11 0.146612 -1.16511e-10
ACTUAL -0.00873221 2.16422e-06 0.324628 -2.38392e-11 0.116068 -1.16511e-10
ACTUAL -0.00873221 2.16422e-06 0.324628 -2.38392e-11 0.0855251 -1.16511e-10
ACTUAL -0.00873221 2.16422e-06 0.324628 -2.38392e-11 0.0549818 -1.16511e-10
ACTUAL -0.00873221 2.16422e-06 0.324628 -2.38392e-11 0.0244385 -1.16511e-10
ACTUAL -0.00873221 2.16422e-06 0.324628 -2.38392e-11 -0.00610475 -1.16511e-10
ACTUAL -0.00873221 2.16422e-06 0.324628 -2.38392e-11 -0.036648 -1.16511e-10
ACTUAL -0.00873221 2.16422e-06 0.324628 -2.38392e-11 -0.0671913 -1.16511e-10
ACTUAL -0.00873221 2.16422e-06 0.324628 -2.38392e-11 -0.0977346 -1.16511e-10
GOAL -0.00873221 2.16422e-06 0.324628 -2.38392e-11 -0.0977346 -1.16511e-10
ACTUAL -0.00873221 2.16422e-06 0.324628 -2.38392e-11 -0.128278 -1.16511e-10
ACTUAL -0.00873221 2.16422e-06 0.324628 -2.38392e-11 -0.158821 -1.16511e-10
ACTUAL -0.00873221 2.16422e-06 0.324628 -2.38392e-11 -0.189364 -1.16511e-10
ACTUAL -0.00873221 2.16422e-06 0.324628 -2.38392e-11 -0.219908 -1.16511e-10
ACTUAL -0.00873221 2.16422e-06 0.324628 -2.38392e-11 -0.250451 -1.16511e-10
ACTUAL -0.00873221 2.16422e-06 0.324628 -2.38392e-11 -0.280994 -1.16511e-10
ACTUAL -0.00873221 2.16422e-06 0.324628 -2.38392e-11 -0.311538 -1.16511e-10
ACTUAL -0.00873221 2.16422e-06 0.324628 -2.38392e-11 -0.339597 -1.16511e-10
ACTUAL -0.00873221 2.16422e-06 0.324628 -2.38392e-11 -0.361588 -1.16511e-10
ACTUAL -0.00873221 2.16422e-06 0.324628 -2.38392e-11 -0.37747 -1.16511e-10
ACTUAL -0.00873221 2.16422e-06 0.324628 -2.38392e-11 -0.387244 -1.16511e-10
ACTUAL -0.00873221 2.16422e-06 0.324628 -2.38392e-11 -0.390909 -1.16511e-10
ACTUAL -0.00873221 2.16422e-06 0.324628 -2.38392e-11 -0.39095 -1.16511e-10
ACTUAL -0.00873221 2.16422e-06 0.324628 -2.38392e-11 -0.39095 -1.16511e-10
ACTUAL -0.00873221 2.16422e-06 0.324628 -2.38392e-11 -0.39095 -1.16511e-10
ACTUAL -0.00873221 2.16422e-06 0.324628 -2.38392e-11 -0.39095 -1.16511e-10
ACTUAL -0.00873221 2.16422e-06 0.324628 -2.38392e-11 -0.39095 -1.16511e-10
ACTUAL -0.00873221 2.16422e-06 0.324628 -2.38392e-11 -0.39095 -1.16511e-10
ACTUAL -0.00873221 2.16422e-06 0.324628 -2.38392e-11 -0.39095 -1.16511e-10
ACTUAL -0.00873221 2.16422e-06 0.324628 -2.38392e-11 -0.39095 -1.16511e-10
GOAL -0.00873221 2.57 0.324628 -2.38392e-11 -0.39095 -1.16511e-10
ACTUAL -0.00873221 2.16422e-06 0.324628 -2.38392e-11 -0.39095 -1.16511e-10
ACTUAL -0.00873221 2.16422e-06 0.324628 -2.38392e-11 -0.39095 -1.16511e-10
ACTUAL -0.00873221 2.16422e-06 0.324628 -2.38392e-11 -0.39095 -1.16511e-10
ACTUAL -0.00873221 2.16422e-06 0.324628 -2.38392e-11 -0.39095 -1.16511e-10
ACTUAL -0.00873221 2.16422e-06 0.324628 -2.38392e-11 -0.39095 -1.16511e-10
ACTUAL -0.00873221 2.16422e-06 0.324628 -2.38392e-11 -0.39095 -1.16511e-10
ACTUAL -0.00873221 2.16422e-06 0.324628 -2.38392e-11 -0.39095 -1.16511e-10
ACTUAL -0.00873221 2.16422e-06 0.324628 -2.38392e-11 -0.39095 -1.16511e-10
ACTUAL -0.00873221 2.16422e-06 0.324628 -2.38392e-11 -0.39095 -1.16511e-10
ACTUAL -0.00873221 2.16422e-06 0.324628 -2.38392e-11 -0.39095 -1.16511e-10
ACTUAL -0.00873221 2.16422e-06 0.324628 -2.38392e-11 -0.39095 -1.16511e-10
ACTUAL -0.00873221 2.16422e-06 0.324628 -2.38392e-11 -0.39095 -1.16511e-10
ACTUAL -0.00873221 2.16422e-06 0.324628 -2.38392e-11 -0.39095 -1.16511e-10
ACTUAL -0.00873221 2.16422e-06 0.324628 -2.38392e-11 -0.39095 -1.16511e-10
ACTUAL -0.00873221 0.000397959 0.324628 -2.38392e-11 -0.39095 -1.16511e-10
ACTUAL -0.00873221 0.00360992 0.324628 -2.38392e-11 -0.39095 -1.16511e-10
ACTUAL -0.00873221 0.0103125 0.324628 -2.38392e-11 -0.39095 -1.16511e-10
ACTUAL -0.00873221 0.0205058 0.324628 -2.38392e-11 -0.39095 -1.16511e-10
ACTUAL -0.00873221 0.0341898 0.324628 -2.38392e-11 -0.39095 -1.16511e-10
ACTUAL -0.00873221 0.0509686 0.324628 -2.38392e-11 -0.39095 -1.16511e-10
ACTUAL -0.00873221 0.0684219 0.324628 -2.38392e-11 -0.39095 -1.16511e-10
ACTUAL -0.00873221 0.0858752 0.324628 -2.38392e-11 -0.39095 -1.16511e-10
ACTUAL -0.00873221 0.103328 0.324628 -2.38392e-11 -0.39095 -1.16511e-10
ACTUAL -0.00873221 0.120782 0.324628 -2.38392e-11 -0.39095 -1.16511e-10
ACTUAL -0.00873221 0.138235 0.324628 -2.38392e-11 -0.39095 -1.16511e-10
ACTUAL -0.00873221 0.155688 0.324628 -2.38392e-11 -0.39095 -1.16511e-10
ACTUAL -0.00873221 0.173142 0.324628 -2.38392e-11 -0.39095 -1.16511e-10
ACTUAL -0.00873221 0.190595 0.324628 -2.38392e-11 -0.39095 -1.16511e-10
ACTUAL -0.00873221 0.208048 0.324628 -2.38392e-11 -0.39095 -1.16511e-10
ACTUAL -0.00873221 0.225502 0.324628 -2.38392e-11 -0.39095 -1.16511e-10
ACTUAL -0.00873221 0.242955 0.324628 -2.38392e-11 -0.39095 -1.16511e-10
ACTUAL -0.00873221 0.260408 0.324628 -2.38392e-11 -0.39095 -1.16511e-10
ACTUAL -0.00873221 0.277862 0.324628 -2.38392e-11 -0.39095 -1.16511e-10
ACTUAL -0.00873221 0.295315 0.324628 -2.38392e-11 -0.39095 -1.16511e-10
ACTUAL -0.00873221 0.312768 0.324628 -2.38392e-11 -0.39095 -1.16511e-10
ACTUAL -0.00873221 0.330221 0.324628 -2.38392e-11 -0.39095 -1.16511e-10
ACTUAL -0.00873221 0.347675 0.324628 -2.38392e-11 -0.39095 -1.16511e-10
ACTUAL -0.00873221 0.365128 0.324628 -2.38392e-11 -0.39095 -1.16511e-10
ACTUAL -0.00873221 0.382581 0.324628 -2.38392e-11 -0.39095 -1.16511e-10
ACTUAL -0.00873221 0.400035 0.324628 -2.38392e-11 -0.39095 -1.16511e-10
ACTUAL -0.00873221 0.417488 0.324628 -2.38392e-11 -0.39095 -1.16511e-10
ACTUAL -0.00873221 0.434941 0.324628 -2.38392e-11 -0.39095 -1.16511e-10
ACTUAL -0.00873221 0.452394 0.324628 -2.38392e-11 -0.39095 -1.16511e-10
ACTUAL -0.00873221 0.469848 0.324628 -2.38392e-11 -0.39095 -1.16511e-10
ACTUAL -0.00873221 0.487301 0.324628 -2.38392e-11 -0.39095 -1.16511e-10
ACTUAL -0.00873221 0.504754 0.324628 -2.38392e-11 -0.39095 -1.16511e-10
GOAL -0.00873221 0.504754 0.324628 -2.38392e-11 -0.39095 -1.16511e-10
ACTUAL -0.00873221 0.522208 0.324628 -2.38392e-11 -0.39095 -1.16511e-10
ACTUAL -0.00873221 0.539661 0.324628 -2.38392e-11 -0.39095 -1.16511e-10
ACTUAL -0.00873221 0.557114 0.324628 -2.38392e-11 -0.39095 -1.16511e-10
ACTUAL -0.00873221 0.574568 0.324628 -2.38392e-11 -0.39095 -1.16511e-10
GOAL -0.00873221 -2.27 0.324628 -2.38392e-11 -0.39095 -1.16511e-10
ACTUAL -0.00873221 0.592021 0.324628 -2.38392e-11 -0.39095 -1.16511e-10
ACTUAL -0.00873221 0.612965 0.324628 -2.38392e-11 -0.39095 -1.16511e-10
ACTUAL -0.00873221 0.626066 0.324628 -2.38392e-11 -0.39095 -1.16511e-10
ACTUAL -0.00873221 0.639331 0.324628 -2.38392e-11 -0.39095 -1.16511e-10
ACTUAL -0.00873221 0.649105 0.324628 -2.38392e-11 -0.39095 -1.16511e-10
ACTUAL -0.00873221 0.655388 0.324628 -2.38392e-11 -0.39095 -1.16511e-10
ACTUAL -0.00873221 0.658181 0.324628 -2.38392e-11 -0.39095 -1.16511e-10
ACTUAL -0.00873221 0.658343 0.324628 -2.38392e-11 -0.39095 -1.16511e-10
ACTUAL -0.00873221 0.658343 0.324628 -2.38392e-11 -0.39095 -1.16511e-10
ACTUAL -0.00873221 0.658343 0.324628 -2.38392e-11 -0.39095 -1.16511e-10
ACTUAL -0.00873221 0.658343 0.324628 -2.38392e-11 -0.39095 -1.16511e-10
ACTUAL -0.00873221 0.658343 0.324628 -2.38392e-11 -0.39095 -1.16511e-10
ACTUAL -0.00873221 0.658343 0.324628 -2.38392e-11 -0.39095 -1.16511e-10
ACTUAL -0.00873221 0.658343 0.324628 -2.38392e-11 -0.39095 -1.16511e-10
ACTUAL -0.00873221 0.658343 0.324628 -2.38392e-11 -0.39095 -1.16511e-10
ACTUAL -0.00873221 0.658343 0.324628 -2.38392e-11 -0.39095 -1.16511e-10
ACTUAL -0.00873221 0.658294 0.324628 -2.38392e-11 -0.39095 -1.16511e-10
ACTUAL -0.00873221 0.656439 0.324628 -2.38392e-11 -0.39095 -1.16511e-10
ACTUAL -0.00873221 0.651133 0.324628 -2.38392e-11 -0.39095 -1.16511e-10
ACTUAL -0.00873221 0.642336 0.324628 -2.38392e-11 -0.39095 -1.16511e-10
ACTUAL -0.00873221 0.630048 0.324628 -2.38392e-11 -0.39095 -1.16511e-10
ACTUAL -0.00873221 0.61432 0.324628 -2.38392e-11 -0.39095 -1.16511e-10
ACTUAL -0.00873221 0.596905 0.324628 -2.38392e-11 -0.39095 -1.16511e-10
ACTUAL -0.00873221 0.579452 0.324628 -2.38392e-11 -0.39095 -1.16511e-10
ACTUAL -0.00873221 0.561998 0.324628 -2.38392e-11 -0.39095 -1.16511e-10
ACTUAL -0.00873221 0.544545 0.324628 -2.38392e-11 -0.39095 -1.16511e-10
ACTUAL -0.00873221 0.527092 0.324628 -2.38392e-11 -0.39095 -1.16511e-10
ACTUAL -0.00873221 0.509639 0.324628 -2.38392e-11 -0.39095 -1.16511e-10
ACTUAL -0.00873221 0.492185 0.324628 -2.38392e-11 -0.39095 -1.16511e-10
ACTUAL -0.00873221 0.474732 0.324628 -2.38392e-11 -0.39095 -1.16511e-10
ACTUAL -0.00873221 0.457279 0.324628 -2.38392e-11 -0.39095 -1.16511e-10
ACTUAL -0.00873221 0.439825 0.324628 -2.38392e-11 -0.39095 -1.16511e-10
ACTUAL -0.00873221 0.422372 0.324628 -2.38392e-11 -0.39095 -1.16511e-10
ACTUAL -0.00873221 0.404919 0.324628 -2.38392e-11 -0.39095 -1.16511e-10
ACTUAL -0.00873221 0.387465 0.324628 -2.38392e-11 -0.39095 -1.16511e-10
ACTUAL -0.00873221 0.370012 0.324628 -2.38392e-11 -0.39095 -1.16511e-10
ACTUAL -0.00873221 0.352559 0.324628 -2.38392e-11 -0.39095 -1.16511e-10
ACTUAL -0.00873221 0.335106 0.324628 -2.38392e-11 -0.39095 -1.16511e-10
ACTUAL -0.00873221 0.317652 0.324628 -2.38392e-11 -0.39095 -1.16511e-10
ACTUAL -0.00873221 0.300199 0.324628 -2.38392e-11 -0.39095 -1.16511e-10
ACTUAL -0.00873221 0.282746 0.324628 -2.38392e-11 -0.39095 -1.16511e-10
ACTUAL -0.00873221 0.265292 0.324628 -2.38392e-11 -0.39095 -1.16511e-10
ACTUAL -0.00873221 0.247839 0.324628 -2.38392e-11 -0.39095 -1.16511e-10
ACTUAL -0.00873221 0.230386 0.324628 -2.38392e-11 -0.39095 -1.16511e-10
ACTUAL -0.00873221 0.212932 0.324628 -2.38392e-11 -0.39095 -1.16511e-10
ACTUAL -0.00873221 0.195479 0.324628 -2.38392e-11 -0.39095 -1.16511e-10
ACTUAL -0.00873221 0.178026 0.324628 -2.38392e-11 -0.39095 -1.16511e-10
ACTUAL -0.00873221 0.160573 0.324628 -2.38392e-11 -0.39095 -1.16511e-10
ACTUAL -0.00873221 0.143119 0.324628 -2.38392e-11 -0.39095 -1.16511e-10
ACTUAL -0.00873221 0.125666 0.324628 -2.38392e-11 -0.39095 -1.16511e-10
ACTUAL -0.00873221 0.108213 0.324628 -2.38392e-11 -0.39095 -1.16511e-10
ACTUAL -0.00873221 0.0907593 0.324628 -2.38392e-11 -0.39095 -1.16511e-10
ACTUAL -0.00873221 0.073306 0.324628 -2.38392e-11 -0.39095 -1.16511e-10
ACTUAL -0.00873221 0.0558527 0.324628 -2.38392e-11 -0.39095 -1.16511e-10
ACTUAL -0.00873221 0.0383994 0.324628 -2.38392e-11 -0.39095 -1.16511e-10
ACTUAL -0.00873221 0.0209461 0.324628 -2.38392e-11 -0.39095 -1.16511e-10
GOAL -0.00873221 0.0209461 0.324628 -2.38392e-11 -0.39095 -1.16511e-10
ACTUAL -0.00873221 0.00349282 0.324628 -2.38392e-11 -0.39095 -1.16511e-10
ACTUAL -0.00873221 -0.0139605 0.324628 -2.38392e-11 -0.39095 -1.16511e-10
ACTUAL -0.00873221 -0.0314138 0.324628 -2.38392e-11 -0.39095 -1.16511e-10
ACTUAL -0.00873221 -0.0488671 0.324628 -2.38392e-11 -0.39095 -1.16511e-10
ACTUAL -0.00873221 -0.0663204 0.324628 -2.38392e-11 -0.39095 -1.16511e-10
ACTUAL -0.00873221 -0.0837737 0.324628 -2.38392e-11 -0.39095 -1.16511e-10
ACTUAL -0.00873221 -0.101227 0.324628 -2.38392e-11 -0.39095 -1.16511e-10
ACTUAL -0.00873221 -0.11868 0.324628 -2.38392e-11 -0.39095 -1.16511e-10
ACTUAL -0.00873221 -0.136134 0.324628 -2.38392e-11 -0.39095 -1.16511e-10
ACTUAL -0.00873221 -0.153587 0.324628 -2.38392e-11 -0.39095 -1.16511e-10
ACTUAL -0.00873221 -0.17104 0.324628 -2.38392e-11 -0.39095 -1.16511e-10
ACTUAL -0.00873221 -0.187074 0.324628 -2.38392e-11 -0.39095 -1.16511e-10
ACTUAL -0.00873221 -0.19964 0.324628 -2.38392e-11 -0.39095 -1.16511e-10
ACTUAL -0.00873221 -0.208716 0.324628 -2.38392e-11 -0.39095 -1.16511e-10
ACTUAL -0.00873221 -0.214301 0.324628 -2.38392e-11 -0.39095 -1.16511e-10
ACTUAL -0.00873221 -0.216395 0.324628 -2.38392e-11 -0.39095 -1.16511e-10
ACTUAL -0.00873221 -0.216419 0.324628 -2.38392e-11 -0.39095 -1.16511e-10
ACTUAL -0.00873221 -0.216419 0.324628 -2.38392e-11 -0.39095 -1.16511e-10
ACTUAL -0.00873221 -0.216419 0.324628 -2.38392e-11 -0.39095 -1.16511e-10
ACTUAL -0.00873221 -0.216419 0.324628 -2.38392e-11 -0.39095 -1.16511e-10
ACTUAL -0.00873221 -0.216419 0.324628 -2.38392e-11 -0.39095 -1.16511e-10
ACTUAL -0.00873221 -0.216419 0.324628 -2.38392e-11 -0.39095 -1.16511e-10
ACTUAL -0.00873221 -0.216419 0.324628 -2.38392e-11 -0.39095 -1.16511e-10
ACTUAL -0.00873221 -0.216419 0.324628 -2.38392e-11 -0.39095 -1.16511e-10
GOAL -0.00873221 -0.216419 0.324628 -2.38392e-11 -0.39095 -4.71
ACTUAL -0.00873221 -0.216419 0.324628 -2.38392e-11 -0.39095 -1.16511e-10
ACTUAL -0.00873221 -0.216419 0.324628 -2.38392e-11 -0.39095 -1.16511e-10
ACTUAL -0.00873221 -0.216419 0.324628 -2.38392e-11 -0.39095 -1.16511e-10
ACTUAL -0.00873221 -0.216419 0.324628 -2.38392e-11 -0.39095 -1.16511e-10
ACTUAL -0.00873221 -0.216419 0.324628 -2.38392e-11 -0.39095 -1.16511e-10
ACTUAL -0.00873221 -0.216419 0.324628 -2.38392e-11 -0.39095 -1.16511e-10
ACTUAL -0.00873221 -0.216419 0.324628 -2.38392e-11 -0.39095 -1.16511e-10
ACTUAL -0.00873221 -0.216419 0.324628 -2.38392e-11 -0.39095 -1.16511e-10
ACTUAL -0.00873221 -0.216419 0.324628 -2.38392e-11 -0.39095 -1.16511e-10
ACTUAL -0.00873221 -0.216419 0.324628 -2.38392e-11 -0.39095 -1.16511e-10
ACTUAL -0.00873221 -0.216419 0.324628 -2.38392e-11 -0.39095 -1.16511e-10
ACTUAL -0.00873221 -0.216419 0.324628 -2.38392e-11 -0.39095 -1.16511e-10
ACTUAL -0.00873221 -0.216419 0.324628 -2.38392e-11 -0.39095 -1.16511e-10
ACTUAL -0.00873221 -0.216419 0.324628 -2.38392e-11 -0.39095 -1.16511e-10
ACTUAL -0.00873221 -0.216419 0.324628 -2.38392e-11 -0.39095 -0.00233176
ACTUAL -0.00873221 -0.216419 0.324628 -2.38392e-11 -0.39095 -0.0144793
ACTUAL -0.00873221 -0.216419 0.324628 -2.38392e-11 -0.39095 -0.0370987
ACTUAL -0.00873221 -0.216419 0.324628 -2.38392e-11 -0.39095 -0.0701902
ACTUAL -0.00873221 -0.216419 0.324628 -2.38392e-11 -0.39095 -0.113754
ACTUAL -0.00873221 -0.216419 0.324628 -2.38392e-11 -0.39095 -0.165457
ACTUAL -0.00873221 -0.216419 0.324628 -2.38392e-11 -0.39095 -0.217817
ACTUAL -0.00873221 -0.216419 0.324628 -2.38392e-11 -0.39095 -0.270177
ACTUAL -0.00873221 -0.216419 0.324628 -2.38392e-11 -0.39095 -0.322537
ACTUAL -0.00873221 -0.216419 0.324628 -2.38392e-11 -0.39095 -0.374897
ACTUAL -0.00873221 -0.216419 0.324628 -2.38392e-11 -0.39095 -0.427257
ACTUAL -0.00873221 -0.216419 0.324628 -2.38392e-11 -0.39095 -0.479617
ACTUAL -0.00873221 -0.216419 0.324628 -2.38392e-11 -0.39095 -0.531977
ACTUAL -0.00873221 -0.216419 0.324628 -2.38392e-11 -0.39095 -0.584336
ACTUAL -0.00873221 -0.216419 0.324628 -2.38392e-11 -0.39095 -0.636696
ACTUAL -0.00873221 -0.216419 0.324629 -2.38392e-11 -0.39095 -0.689056
ACTUAL -0.00873221 -0.216419 0.324629 -2.38392e-11 -0.39095 -0.741416
ACTUAL -0.00873221 -0.216419 0.324629 -2.38392e-11 -0.39095 -0.793776
ACTUAL -0.00873221 -0.216419 0.324629 -2.38392e-11 -0.39095 -0.846136
ACTUAL -0.00873221 -0.216419 0.324629 -2.38392e-11 -0.39095 -0.898496
ACTUAL -0.00873221 -0.216419 0.324629 -2.38392e-11 -0.39095 -0.950856
ACTUAL -0.00873221 -0.216419 0.324629 -2.38392e-11 -0.39095 -1.00322
ACTUAL -0.00873221 -0.216419 0.324629 -2.38392e-11 -0.39095 -1.05558
ACTUAL -0.00873221 -0.216419 0.324629 -2.38392e-11 -0.39095 -1.10794
ACTUAL -0.00873221 -0.216419 0.324629 -2.38392e-11 -0.39095 -1.1603
ACTUAL -0.00873221 -0.216419 0.324629 -2.38392e-11 -0.39095 -1.21266
ACTUAL -0.00873221 -0.216419 0.324629 -2.38392e-11 -0.39095 -1.26502
ACTUAL -0.00873221 -0.216419 0.324629 -2.38392e-11 -0.39095 -1.31738
ACTUAL -0.00873221 -0.216419 0.324629 -2.38392e-11 -0.39095 -1.36974
ACTUAL -0.00873221 -0.216419 0.324629 -2.38392e-11 -0.39095 -1.42209
GOAL -0.00873221 -0.216419 0.324629 -2.38392e-11 -0.39095 -1.42209
ACTUAL -0.00873221 -0.216419 0.324629 -2.38392e-11 -0.39095 -1.47445
ACTUAL -0.00873221 -0.216419 0.324629 -2.38392e-11 -0.39095 -1.52681
ACTUAL -0.00873221 -0.216419 0.324629 -2.38392e-11 -0.39095 -1.57917
ACTUAL -0.00873221 -0.216419 0.324629 -2.38392e-11 -0.39095 -1.63153
ACTUAL -0.00873221 -0.216419 0.324629 -2.38392e-11 -0.39095 -1.68389
ACTUAL -0.00873221 -0.216419 0.324629 -2.38392e-11 -0.39095 -1.73625
ACTUAL -0.00873221 -0.216419 0.324629 -2.38392e-11 -0.39095 -1.78861
ACTUAL -0.00873221 -0.216419 0.324629 -2.38392e-11 -0.39095 -1.85145
ACTUAL -0.00873221 -0.216419 0.324629 -2.38392e-11 -0.39095 -1.89075
ACTUAL -0.00873221 -0.216419 0.324629 -2.38392e-11 -0.39095 -1.93054
ACTUAL -0.00873221 -0.216419 0.324629 -2.38392e-11 -0.39095 -1.95987
ACTUAL -0.00873221 -0.216419 0.324629 -2.38392e-11 -0.39095 -1.97872
ACTUAL -0.00873221 -0.216419 0.324629 -2.38392e-11 -0.39095 -1.98709
GOAL -0.00873221 -0.216419 0.324629 -2.38392e-11 -0.39095 4.71
ACTUAL -0.00873221 -0.216419 0.324629 -2.38392e-11 -0.39095 -1.98758
ACTUAL -0.00873221 -0.216419 0.324629 -2.38392e-11 -0.39095 -1.98758
ACTUAL -0.00873221 -0.216419 0.324629 -2.38392e-11 -0.39095 -1.98758
ACTUAL -0.00873221 -0.216419 0.324629 -2.38392e-11 -0.39095 -1.98758
ACTUAL -0.00873221 -0.216419 0.324629 -2.38392e-11 -0.39095 -1.98758
ACTUAL -0.00873221 -0.216419 0.324629 -2.38392e-11 -0.39095 -1.98758
ACTUAL -0.00873221 -0.216419 0.324629 -2.38392e-11 -0.39095 -1.98758
ACTUAL -0.00873221 -0.216419 0.324629 -2.38392e-11 -0.39095 -1.98758
ACTUAL -0.00873221 -0.216419 0.324629 -2.38392e-11 -0.39095 -1.98758
ACTUAL -0.00873221 -0.216419 0.324629 -2.38392e-11 -0.39095 -1.98718
ACTUAL -0.00873221 -0.216419 0.324629 -2.38392e-11 -0.39095 -1.97922
ACTUAL -0.00873221 -0.216419 0.324629 -2.38392e-11 -0.39095 -1.96079
ACTUAL -0.00873221 -0.216419 0.324629 -2.38392e-11 -0.39095 -1.93188
ACTUAL -0.00873221 -0.216419 0.324629 -2.38392e-11 -0.39095 -1.89251
ACTUAL -0.00873221 -0.216419 0.324629 -2.38392e-11 -0.39095 -1.84307
ACTUAL -0.00873221 -0.216419 0.324629 -2.38392e-11 -0.39095 -1.79071
ACTUAL -0.00873221 -0.216419 0.324629 -2.38392e-11 -0.39095 -1.73835
ACTUAL -0.00873221 -0.216419 0.324629 -2.38392e-11 -0.39095 -1.68599
ACTUAL -0.00873221 -0.216419 0.324629 -2.38392e-11 -0.39095 -1.63363
ACTUAL -0.00873221 -0.216419 0.324629 -2.38392e-11 -0.39095 -1.58127
ACTUAL -0.00873221 -0.216419 0.324629 -2.38392e-11 -0.39095 -1.52891
ACTUAL -0.00873221 -0.216419 0.324629 -2.38392e-11 -0.39095 -1.47655
ACTUAL -0.00873221 -0.216419 0.324629 -2.38392e-11 -0.39095 -1.42419
ACTUAL -0.00873221 -0.216419 0.324629 -2.38392e-11 -0.39095 -1.37183
ACTUAL -0.00873221 -0.216419 0.324629 -2.38392e-11 -0.39095 -1.31947
ACTUAL -0.00873221 -0.216419 0.324629 -2.38392e-11 -0.39095 -1.26711
ACTUAL -0.00873221 -0.216419 0.324629 -2.38392e-11 -0.39095 -1.21475
ACTUAL -0.00873221 -0.216419 0.324629 -2.38392e-11 -0.39095 -1.16239
ACTUAL -0.00873221 -0.216419 0.324629 -2.38392e-11 -0.39095 -1.11003
ACTUAL -0.00873221 -0.216419 0.324629 -2.38392e-11 -0.39095 -1.05767
ACTUAL -0.00873221 -0.216419 0.324629 -2.38392e-11 -0.39095 -1.00531
ACTUAL -0.00873221 -0.216419 0.324629 -2.38392e-11 -0.39095 -0.95295
ACTUAL -0.00873221 -0.216419 0.324629 -2.38392e-11 -0.39095 -0.90059
ACTUAL -0.00873221 -0.216419 0.324629 -2.38392e-11 -0.39095 -0.84823
ACTUAL -0.00873221 -0.216419 0.324629 -2.38392e-11 -0.39095 -0.79587
ACTUAL -0.00873221 -0.216419 0.324629 -2.38392e-11 -0.39095 -0.743511
ACTUAL -0.00873221 -0.216419 0.324629 -2.38392e-11 -0.39095 -0.691151
ACTUAL -0.00873221 -0.216419 0.324629 -2.38392e-11 -0.39095 -0.638791
ACTUAL -0.00873221 -0.216419 0.324629 -2.38392e-11 -0.39095 -0.586431
ACTUAL -0.00873221 -0.216419 0.324629 -2.38392e-11 -0.39095 -0.534071
ACTUAL -0.00873221 -0.216419 0.324629 -2.38392e-11 -0.39095 -0.481711
ACTUAL -0.00873221 -0.216419 0.324629 -2.38392e-11 -0.39095 -0.429351
ACTUAL -0.00873221 -0.216419 0.324629 -2.38392e-11 -0.39095 -0.376991
ACTUAL -0.00873221 -0.216419 0.324629 -2.38392e-11 -0.39095 -0.324631
ACTUAL -0.00873221 -0.216419 0.324629 -2.38392e-11 -0.39095 -0.272271
ACTUAL -0.00873221 -0.216419 0.324629 -2.38392e-11 -0.39095 -0.219912
ACTUAL -0.00873221 -0.216419 0.324629 -2.38392e-11 -0.39095 -0.167552
ACTUAL -0.00873221 -0.216419 0.324629 -2.38392e-11 -0.39095 -0.115192
ACTUAL -0.00873221 -0.216419 0.324629 -2.38392e-11 -0.39095 -0.0628319
ACTUAL -0.00873221 -0.216419 0.324629 -2.38392e-11 -0.39095 -0.010472
ACTUAL -0.00873221 -0.216419 0.324629 -2.38392e-11 -0.39095 0.0418879
ACTUAL -0.00873221 -0.216419 0.324629 -2.38392e-11 -0.39095 0.0942478
ACTUAL -0.00873221 -0.216419 0.324629 -2.38392e-11 -0.39095 0.146608
ACTUAL -0.00873221 -0.216419 0.324629 -2.38392e-11 -0.39095 0.198968
ACTUAL -0.00873221 -0.216419 0.324629 -2.38392e-11 -0.39095 0.251328
ACTUAL -0.00873221 -0.216419 0.324629 -2.38392e-11 -0.39095 0.303687
ACTUAL -0.00873221 -0.216419 0.324629 -2.38392e-11 -0.39095 0.356047
ACTUAL -0.00873221 -0.216419 0.324629 -2.38392e-11 -0.39095 0.408407
ACTUAL -0.00873221 -0.216419 0.324629 -2.38392e-11 -0.39095 0.460767
GOAL -0.00873221 -0.216419 0.324629 -2.38392e-11 -0.39095 0.460767
ACTUAL -0.00873221 -0.216419 0.324629 -2.38392e-11 -0.39095 0.513127
ACTUAL -0.00873221 -0.216419 0.324629 -2.38392e-11 -0.39095 0.565487
ACTUAL -0.00873221 -0.216419 0.324629 -2.38392e-11 -0.39095 0.617847
ACTUAL -0.00873221 -0.216419 0.324629 -2.38392e-11 -0.39095 0.670207
ACTUAL -0.00873221 -0.216419 0.324629 -2.38392e-11 -0.39095 0.722567
ACTUAL -0.00873221 -0.216419 0.324629 -2.38392e-11 -0.39095 0.774927
ACTUAL -0.00873221 -0.216419 0.324629 -2.38392e-11 -0.39095 0.827286
ACTUAL -0.00873221 -0.216419 0.324629 -2.38392e-11 -0.39095 0.879646
ACTUAL -0.00873221 -0.216419 0.324629 -2.38392e-11 -0.39095 0.932006
ACTUAL -0.00873221 -0.216419 0.324629 -2.38392e-11 -0.39095 0.984366
ACTUAL -0.00873221 -0.216419 0.324629 -2.38392e-11 -0.39095 1.03673
ACTUAL -0.00873221 -0.216419 0.324629 -2.38392e-11 -0.39095 1.08909
ACTUAL -0.00873221 -0.216419 0.324629 -2.38392e-11 -0.39095 1.14145
ACTUAL -0.00873221 -0.216419 0.324629 -2.38392e-11 -0.39095 1.19374
ACTUAL -0.00873221 -0.216419 0.324629 -2.38392e-11 -0.39095 1.23981
ACTUAL -0.00873221 -0.216419 0.324629 -2.38392e-11 -0.39095 1.27542
ACTUAL -0.00873221 -0.216419 0.324629 -2.38392e-11 -0.39095 1.30055
ACTUAL -0.00873221 -0.216419 0.324629 -2.38392e-11 -0.39095 1.31521
ACTUAL -0.00873221 -0.216419 0.324629 -2.38392e-11 -0.39095 1.31947
ACTUAL -0.00873221 -0.216419 0.324629 -2.38392e-11 -0.39095 1.31947
ACTUAL -0.00873221 -0.216419 0.324629 -2.38392e-11 -0.39095 1.31947
ACTUAL -0.00873221 -0.216419 0.324629 -2.38392e-11 -0.39095 1.31947
ACTUAL -0.00873221 -0.216419 0.324629 -2.38392e-11 -0.39095 1.31947
ACTUAL -0.00873221 -0.216419 0.324629 -2.38392e-11 -0.39095 1.31947
ACTUAL -0.00873221 -0.216419 0.324629 -2.38392e-11 -0.39095 1.31947
ACTUAL -0.00873221 -0.216419 0.324629 -2.38392e-11 -0.39095 1.31947
ACTUAL -0.00873221 -0.216419 0.324629 -2.38392e-11 -0.39095 1.31947
ACTUAL -0.00873221 -0.216419 0.324629 -2.38392e-11 -0.39095 1.31947
ACTUAL -0.00873221 -0.216419 0.324629 -2.38392e-11 -0.39095 1.31947
ACTUAL -0.00873221 -0.216419 0.324629 -2.38392e-11 -0.39095 1.31947
ACTUAL -0.00873221 -0.216419 0.324629 -2.38392e-11 -0.39095 1.31947
ACTUAL -0.00873221 -0.216419 0.324629 -2.38392e-11 -0.39095 1.31947
ACTUAL -0.00873221 -0.216419 0.324629 -2.38392e-11 -0.39095 1.31947
ACTUAL -0.00873221 -0.216419 0.324629 -2.38392e-11 -0.39095 1.31947
ACTUAL -0.00873221 -0.216419 0.324629 -2.38392e-11 -0.39095 1.31947
ACTUAL -0.00873221 -0.216419 0.324629 -2.38392e-11 -0.39095 1.31947
ACTUAL -0.00873221 -0.216419 0.324629 -2.38392e-11 -0.39095 1.31947
ACTUAL -0.00873221 -0.216419 0.324629 -2.38392e-11 -0.39095 1.31947
ACTUAL -0.00873221 -0.216419 0.324629 -2.38392e-11 -0.39095 1.31947
ACTUAL -0.00873221 -0.216419 0.324629 -2.38392e-11 -0.39095 1.31947
ACTUAL -0.00873221 -0.216419 0.324629 -2.38392e-11 -0.39095 1.31947
ACTUAL -0.00873221 -0.216419 0.324629 -2.38392e-11 -0.39095 1.31947
ACTUAL -0.00873221 -0.216419 0.324629 -2.38392e-11 -0.39095 1.31947
ACTUAL -0.00873221 -0.216419 0.324629 -2.38392e-11 -0.39095 1.31947
ACTUAL -0.00873221 -0.216419 0.324629 -2.38392e-11 -0.39095 1.31947
ACTUAL -0.00873221 -0.216419 0.324629 -2.38392e-11 -0.39095 1.31947
ACTUAL -0.00873221 -0.216419 0.324629 -2.38392e-11 -0.39095 1.31947
ACTUAL -0.00873221 -0.216419 0.324629 -2.38392e-11 -0.39095 1.31947
ACTUAL -0.00873221 -0.216419 0.324629 -2.38392e-11 -0.39095 1.31947
ACTUAL -0.00873221 -0.216419 0.324629 -2.38392e-11 -0.39095 1.31947
ACTUAL -0.00873221 -0.216419 0.324629 -2.38392e-11 -0.39095 1.31947
ACTUAL -0.00873221 -0.216419 0.324629 -2.38392e-11 -0.39095 1.31947
ACTUAL -0.00873221 -0.216419 0.324629 -2.38392e-11 -0.39095 1.31947
ACTUAL -0.00873221 -0.216419 0.324629 -2.38392e-11 -0.39095 1.31947
ACTUAL -0.00873221 -0.216419 0.324629 -2.38392e-11 -0.39095 1.31947
ACTUAL -0.00873221 -0.216419 0.324629 -2.38392e-11 -0.39095 1.31947
ACTUAL -0.00873221 -0.216419 0.324629 -2.38392e-11 -0.39095 1.31947
ACTUAL -0.00873221 -0.216419 0.324629 -2.38392e-11 -0.39095 1.31947
ACTUAL -0.00873221 -0.216419 0.324629 -2.38392e-11 -0.39095 1.31947
ACTUAL -0.00873221 -0.216419 0.324629 -2.38392e-11 -0.39095 1.31947
ACTUAL -0.00873221 -0.216419 0.324629 -2.38392e-11 -0.39095 1.31947
ACTUAL -0.00873221 -0.216419 0.324629 -2.38392e-11 -0.39095 1.31947
ACTUAL -0.00873221 -0.216419 0.324629 -2.38392e-11 -0.39095 1.31947
ACTUAL -0.00873221 -0.216419 0.324629 -2.38392e-11 -0.39095 1.31947
ACTUAL -0.00873221 -0.216419 0.324629 -2.38392e-11 -0.39095 1.31947
ACTUAL -0.00873221 -0.216419 0.324629 -2.38392e-11 -0.39095 1.31947
ACTUAL -0.00873221 -0.216419 0.324629 -2.38392e-11 -0.39095 1.31947
ACTUAL -0.00873221 -0.216419 0.324629 -2.38392e-11 -0.39095 1.31947
ACTUAL -0.00873221 -0.216419 0.324629 -2.38392e-11 -0.39095 1.31947
ACTUAL -0.00873221 -0.216419 0.324629 -2.38392e-11 -0.39095 1.31947
ACTUAL -0.00873221 -0.216419 0.324629 -2.38392e-11 -0.39095 1.31947
ACTUAL -0.00873221 -0.216419 0.324629 -2.38392e-11 -0.39095 1.31947
ACTUAL -0.00873221 -0.216419 0.324629 -2.38392e-11 -0.39095 1.31947
ACTUAL -0.00873221 -0.216419 0.324629 -2.38392e-11 -0.39095 1.31947
ACTUAL -0.00873221 -0.216419 0.324629 -2.38392e-11 -0.39095 1.31947
ACTUAL -0.00873221 -0.216419 0.324629 -2.38392e-11 -0.39095 1.31947
ACTUAL -0.00873221 -0.216419 0.324629 -2.38392e-11 -0.39095 1.31947
ACTUAL -0.00873221 -0.216419 0.324629 -2.38392e-11 -0.39095 1.31947
ACTUAL -0.00873221 -0.216419 0.324629 -2.38392e-11 -0.39095 1.31947
ACTUAL -0.00873221 -0.216419 0.324629 -2.38392e-11 -0.39095 1.31947
ACTUAL -0.00873221 -0.216419 0.324629 -2.38392e-11 -0.39095 1.31947
ACTUAL -0.00873221 -0.216419 0.324629 -2.38392e-11 -0.39095 1.31947
ACTUAL -0.00873221 -0.216419 0.324629 -2.38392e-11 -0.39095 1.31947
ACTUAL -0.00873221 -0.216419 0.324629 -2.38392e-11 -0.39095 1.31947
ACTUAL -0.00873221 -0.216419 0.324629 -2.38392e-11 -0.39095 1.31947
ACTUAL -0.00873221 -0.216419 0.324629 -2.38392e-11 -0.39095 1.31947
ACTUAL -0.00873221 -0.216419 0.324629 -2.38392e-11 -0.39095 1.31947
ACTUAL -0.00873221 -0.216419 0.324629 -2.38392e-11 -0.39095 1.31947
ACTUAL -0.00873221 -0.216419 0.324629 -2.38392e-11 -0.39095 1.31947
ACTUAL -0.00873221 -0.216419 0.324629 -2.38392e-11 -0.39095 1.31947
ACTUAL -0.00873221 -0.216419 0.324629 -2.38392e-11 -0.39095 1.31947
ACTUAL -0.00873221 -0.216419 0.324629 -2.38392e-11 -0.39095 1.31947
ACTUAL -0.00873221 -0.216419 0.324629 -2.38392e-11 -0.39095 1.31947
ACTUAL -0.00873221 -0.216419 0.324629 -2.38392e-11 -0.39095 1.31947
ACTUAL -0.00873221 -0.216419 0.324629 -2.38392e-11 -0.39095 1.31947
ACTUAL -0.00873221 -0.216419 0.324629 -2.38392e-11 -0.39095 1.31947
ACTUAL -0.00873221 -0.216419 0.324629 -2.38392e-11 -0.39095 1.31947
ACTUAL -0.00873221 -0.216419 0.324629 -2.38392e-11 -0.39095 1.31947
ACTUAL -0.00873221 -0.216419 0.324629 -2.38392e-11 -0.39095 1.31947
ACTUAL -0.00873221 -0.216419 0.324629 -2.38392e-11 -0.39095 1.31947
ACTUAL -0.00873221 -0.216419 0.324629 -2.38392e-11 -0.39095 1.31947
ACTUAL -0.00873221 -0.216419 0.324629 -2.38392e-11 -0.39095 1.31947
ACTUAL -0.00873221 -0.216419 0.324629 -2.38392e-11 -0.39095 1.31947
ACTUAL -0.00873221 -0.216419 0.324629 -2.38392e-11 -0.39095 1.31947
ACTUAL -0.00873221 -0.216419 0.324629 -2.38392e-11 -0.39095 1.31947
ACTUAL -0.00873221 -0.216419 0.324629 -2.38392e-11 -0.39095 1.31947
ACTUAL -0.00873221 -0.216419 0.324629 -2.38392e-11 -0.39095 1.31947
ACTUAL -0.00873221 -0.216419 0.324629 -2.38392e-11 -0.39095 1.31947
ACTUAL -0.00873221 -0.216419 0.324629 -2.38392e-11 -0.39095 1.31947
ACTUAL -0.00873221 -0.216419 0.324629 -2.38392e-11 -0.39095 1.31947
ACTUAL -0.00873221 -0.216419 0.324629 -2.38392e-11 -0.39095 1.31947
ACTUAL -0.00873221 -0.216419 0.324629 -2.38392e-11 -0.39095 1.31947
ACTUAL -0.00873221 -0.216419 0.324629 -2.38392e-11 -0.39095 1.31947
ACTUAL -0.00873221 -0.216419 0.324629 -2.38392e-11 -0.39095 1.31947
ACTUAL -0.00873221 -0.216419 0.324629 -2.38392e-11 -0.39095 1.31947
ACTUAL -0.00873221 -0.216419 0.324629 -2.38392e-11 -0.39095 1.31947
ACTUAL -0.00873221 -0.216419 0.324629 -2.38392e-11 -0.39095 1.31947
ACTUAL -0.00873221 -0.216419 0.324629 -2.38392e-11 -0.39095 1.31947
ACTUAL -0.00873221 -0.216419 0.324629 -2.38392e-11 -0.39095 1.31947
ACTUAL -0.00873221 -0.216419 0.324629 -2.38392e-11 -0.39095 1.31947
ACTUAL -0.00873221 -0.216419 0.324629 -2.38392e-11 -0.39095 1.31947
ACTUAL -0.00873221 -0.216419 0.324629 -2.38392e-11 -0.39095 1.31947
ACTUAL -0.00873221 -0.216419 0.324629 -2.38392e-11 -0.39095 1.31947
ACTUAL -0.00873221 -0.216419 0.324629 -2.38392e-11 -0.39095 1.31947
ACTUAL -0.00873221 -0.216419 0.324629 -2.38392e-11 -0.39095 1.31947
ACTUAL -0.00873221 -0.216419 0.324629 -2.38392e-11 -0.39095 1.31947
